Theta [deg.]  Phi   [deg.]  Abs(Dir.)[dBi   ]   Abs(Theta)[dBi   ]  Phase(Theta)[deg.]  Abs(Phi  )[dBi   ]  Phase(Phi  )[deg.]  Ax.Ratio[dB    ]    
------------------------------------------------------------------------------------------------------------------------------------------------------
   0.000          90.000            1.524e+02           1.648e+01              19.995           1.524e+02             110.633           4.000e+01     
   1.000          90.000            1.524e+02           1.654e+01              26.140           1.524e+02             110.634           4.000e+01     
   2.000          90.000            1.525e+02           1.669e+01              32.148           1.525e+02             110.636           4.000e+01     
   3.000          90.000            1.525e+02           1.693e+01              37.894           1.525e+02             110.641           4.000e+01     
   4.000          90.000            1.525e+02           1.723e+01              43.291           1.525e+02             110.647           4.000e+01     
   5.000          90.000            1.526e+02           1.760e+01              48.282           1.526e+02             110.656           4.000e+01     
   6.000          90.000            1.527e+02           1.800e+01              52.847           1.527e+02             110.666           4.000e+01     
   7.000          90.000            1.528e+02           1.844e+01              56.987           1.528e+02             110.678           4.000e+01     
   8.000          90.000            1.529e+02           1.888e+01              60.722           1.529e+02             110.692           4.000e+01     
   9.000          90.000            1.530e+02           1.934e+01              64.083           1.530e+02             110.707           4.000e+01     
  10.000          90.000            1.531e+02           1.979e+01              67.103           1.531e+02             110.724           4.000e+01     
  11.000          90.000            1.533e+02           2.024e+01              69.818           1.533e+02             110.744           4.000e+01     
  12.000          90.000            1.534e+02           2.068e+01              72.261           1.534e+02             110.765           4.000e+01     
  13.000          90.000            1.536e+02           2.111e+01              74.464           1.536e+02             110.787           4.000e+01     
  14.000          90.000            1.537e+02           2.153e+01              76.456           1.537e+02             110.812           4.000e+01     
  15.000          90.000            1.539e+02           2.193e+01              78.261           1.539e+02             110.838           4.000e+01     
  16.000          90.000            1.541e+02           2.232e+01              79.901           1.541e+02             110.867           4.000e+01     
  17.000          90.000            1.542e+02           2.269e+01              81.397           1.542e+02             110.896           4.000e+01     
  18.000          90.000            1.544e+02           2.305e+01              82.764           1.544e+02             110.928           4.000e+01     
  19.000          90.000            1.546e+02           2.340e+01              84.017           1.546e+02             110.962           4.000e+01     
  20.000          90.000            1.547e+02           2.373e+01              85.169           1.547e+02             110.997           4.000e+01     
  21.000          90.000            1.549e+02           2.405e+01              86.230           1.549e+02             111.034           4.000e+01     
  22.000          90.000            1.551e+02           2.436e+01              87.211           1.551e+02             111.072           4.000e+01     
  23.000          90.000            1.552e+02           2.466e+01              88.120           1.552e+02             111.113           4.000e+01     
  24.000          90.000            1.554e+02           2.494e+01              88.964           1.554e+02             111.155           4.000e+01     
  25.000          90.000            1.555e+02           2.521e+01              89.749           1.555e+02             111.198           4.000e+01     
  26.000          90.000            1.557e+02           2.547e+01              90.482           1.557e+02             111.244           4.000e+01     
  27.000          90.000            1.558e+02           2.572e+01              91.166           1.558e+02             111.291           4.000e+01     
  28.000          90.000            1.559e+02           2.597e+01              91.807           1.559e+02             111.339           4.000e+01     
  29.000          90.000            1.561e+02           2.620e+01              92.408           1.561e+02             111.390           4.000e+01     
  30.000          90.000            1.562e+02           2.642e+01              92.973           1.562e+02             111.441           4.000e+01     
  31.000          90.000            1.563e+02           2.663e+01              93.504           1.563e+02             111.495           4.000e+01     
  32.000          90.000            1.564e+02           2.684e+01              94.005           1.564e+02             111.550           4.000e+01     
  33.000          90.000            1.565e+02           2.704e+01              94.478           1.565e+02             111.606           4.000e+01     
  34.000          90.000            1.566e+02           2.723e+01              94.926           1.566e+02             111.665           4.000e+01     
  35.000          90.000            1.567e+02           2.741e+01              95.349           1.567e+02             111.724           4.000e+01     
  36.000          90.000            1.568e+02           2.758e+01              95.750           1.568e+02             111.785           4.000e+01     
  37.000          90.000            1.568e+02           2.775e+01              96.132           1.568e+02             111.848           4.000e+01     
  38.000          90.000            1.569e+02           2.792e+01              96.494           1.569e+02             111.912           4.000e+01     
  39.000          90.000            1.569e+02           2.807e+01              96.839           1.569e+02             111.978           4.000e+01     
  40.000          90.000            1.570e+02           2.822e+01              97.167           1.570e+02             112.045           4.000e+01     
  41.000          90.000            1.570e+02           2.836e+01              97.480           1.570e+02             112.113           4.000e+01     
  42.000          90.000            1.570e+02           2.850e+01              97.779           1.570e+02             112.183           4.000e+01     
  43.000          90.000            1.571e+02           2.864e+01              98.065           1.571e+02             112.254           4.000e+01     
  44.000          90.000            1.571e+02           2.876e+01              98.339           1.571e+02             112.327           4.000e+01     
  45.000          90.000            1.570e+02           2.889e+01              98.601           1.570e+02             112.401           4.000e+01     
  46.000          90.000            1.570e+02           2.900e+01              98.853           1.570e+02             112.476           4.000e+01     
  47.000          90.000            1.570e+02           2.912e+01              99.094           1.570e+02             112.552           4.000e+01     
  48.000          90.000            1.570e+02           2.923e+01              99.326           1.570e+02             112.630           4.000e+01     
  49.000          90.000            1.569e+02           2.933e+01              99.550           1.569e+02             112.709           4.000e+01     
  50.000          90.000            1.568e+02           2.943e+01              99.765           1.568e+02             112.789           4.000e+01     
  51.000          90.000            1.568e+02           2.953e+01              99.972           1.568e+02             112.870           4.000e+01     
  52.000          90.000            1.567e+02           2.962e+01             100.172           1.567e+02             112.952           4.000e+01     
  53.000          90.000            1.566e+02           2.971e+01             100.365           1.566e+02             113.036           4.000e+01     
  54.000          90.000            1.565e+02           2.979e+01             100.552           1.565e+02             113.121           4.000e+01     
  55.000          90.000            1.564e+02           2.987e+01             100.733           1.564e+02             113.206           4.000e+01     
  56.000          90.000            1.563e+02           2.995e+01             100.909           1.563e+02             113.293           4.000e+01     
  57.000          90.000            1.561e+02           3.002e+01             101.079           1.561e+02             113.381           4.000e+01     
  58.000          90.000            1.560e+02           3.009e+01             101.244           1.560e+02             113.470           4.000e+01     
  59.000          90.000            1.558e+02           3.016e+01             101.405           1.558e+02             113.560           4.000e+01     
  60.000          90.000            1.556e+02           3.023e+01             101.562           1.556e+02             113.650           4.000e+01     
  61.000          90.000            1.554e+02           3.029e+01             101.714           1.554e+02             113.742           4.000e+01     
  62.000          90.000            1.552e+02           3.035e+01             101.863           1.552e+02             113.835           4.000e+01     
  63.000          90.000            1.550e+02           3.040e+01             102.009           1.550e+02             113.928           4.000e+01     
  64.000          90.000            1.547e+02           3.045e+01             102.151           1.547e+02             114.022           4.000e+01     
  65.000          90.000            1.545e+02           3.051e+01             102.290           1.545e+02             114.117           4.000e+01     
  66.000          90.000            1.542e+02           3.055e+01             102.427           1.542e+02             114.213           4.000e+01     
  67.000          90.000            1.539e+02           3.060e+01             102.561           1.539e+02             114.310           4.000e+01     
  68.000          90.000            1.536e+02           3.064e+01             102.692           1.536e+02             114.407           4.000e+01     
  69.000          90.000            1.532e+02           3.068e+01             102.822           1.532e+02             114.505           4.000e+01     
  70.000          90.000            1.529e+02           3.072e+01             102.949           1.529e+02             114.604           4.000e+01     
  71.000          90.000            1.525e+02           3.076e+01             103.074           1.525e+02             114.703           4.000e+01     
  72.000          90.000            1.521e+02           3.079e+01             103.198           1.521e+02             114.803           4.000e+01     
  73.000          90.000            1.516e+02           3.082e+01             103.320           1.516e+02             114.904           4.000e+01     
  74.000          90.000            1.512e+02           3.085e+01             103.441           1.512e+02             115.005           4.000e+01     
  75.000          90.000            1.506e+02           3.088e+01             103.560           1.506e+02             115.106           4.000e+01     
  76.000          90.000            1.501e+02           3.091e+01             103.678           1.501e+02             115.208           4.000e+01     
  77.000          90.000            1.495e+02           3.093e+01             103.794           1.495e+02             115.310           4.000e+01     
  78.000          90.000            1.488e+02           3.095e+01             103.910           1.488e+02             115.413           4.000e+01     
  79.000          90.000            1.481e+02           3.097e+01             104.024           1.481e+02             115.517           4.000e+01     
  80.000          90.000            1.473e+02           3.099e+01             104.138           1.473e+02             115.620           4.000e+01     
  81.000          90.000            1.464e+02           3.101e+01             104.251           1.464e+02             115.724           4.000e+01     
  82.000          90.000            1.454e+02           3.102e+01             104.362           1.454e+02             115.828           4.000e+01     
  83.000          90.000            1.443e+02           3.104e+01             104.473           1.443e+02             115.933           4.000e+01     
  84.000          90.000            1.430e+02           3.105e+01             104.584           1.430e+02             116.037           4.000e+01     
  85.000          90.000            1.414e+02           3.106e+01             104.693           1.414e+02             116.142           4.000e+01     
  86.000          90.000            1.395e+02           3.106e+01             104.802           1.395e+02             116.247           4.000e+01     
  87.000          90.000            1.370e+02           3.107e+01             104.910           1.370e+02             116.352           4.000e+01     
  88.000          90.000            1.335e+02           3.107e+01             105.017           1.335e+02             116.458           4.000e+01     
  89.000          90.000            1.274e+02           3.108e+01             105.124           1.274e+02             116.563           4.000e+01     
  90.000          90.000            3.108e+01           3.108e+01             105.229          -1.351e+02              80.675           4.000e+01     
  91.000          90.000           -2.000e+02          -2.000e+02               0.000          -2.000e+02               0.000           4.000e+01     
  92.000          90.000           -2.000e+02          -2.000e+02               0.000          -2.000e+02               0.000           4.000e+01     
  93.000          90.000           -2.000e+02          -2.000e+02               0.000          -2.000e+02               0.000           4.000e+01     
  94.000          90.000           -2.000e+02          -2.000e+02               0.000          -2.000e+02               0.000           4.000e+01     
  95.000          90.000           -2.000e+02          -2.000e+02               0.000          -2.000e+02               0.000           4.000e+01     
  96.000          90.000           -2.000e+02          -2.000e+02               0.000          -2.000e+02               0.000           4.000e+01     
  97.000          90.000           -2.000e+02          -2.000e+02               0.000          -2.000e+02               0.000           4.000e+01     
  98.000          90.000           -2.000e+02          -2.000e+02               0.000          -2.000e+02               0.000           4.000e+01     
  99.000          90.000           -2.000e+02          -2.000e+02               0.000          -2.000e+02               0.000           4.000e+01     
 100.000          90.000           -2.000e+02          -2.000e+02               0.000          -2.000e+02               0.000           4.000e+01     
 101.000          90.000           -2.000e+02          -2.000e+02               0.000          -2.000e+02               0.000           4.000e+01     
 102.000          90.000           -2.000e+02          -2.000e+02               0.000          -2.000e+02               0.000           4.000e+01     
 103.000          90.000           -2.000e+02          -2.000e+02               0.000          -2.000e+02               0.000           4.000e+01     
 104.000          90.000           -2.000e+02          -2.000e+02               0.000          -2.000e+02               0.000           4.000e+01     
 105.000          90.000           -2.000e+02          -2.000e+02               0.000          -2.000e+02               0.000           4.000e+01     
 106.000          90.000           -2.000e+02          -2.000e+02               0.000          -2.000e+02               0.000           4.000e+01     
 107.000          90.000           -2.000e+02          -2.000e+02               0.000          -2.000e+02               0.000           4.000e+01     
 108.000          90.000           -2.000e+02          -2.000e+02               0.000          -2.000e+02               0.000           4.000e+01     
 109.000          90.000           -2.000e+02          -2.000e+02               0.000          -2.000e+02               0.000           4.000e+01     
 110.000          90.000           -2.000e+02          -2.000e+02               0.000          -2.000e+02               0.000           4.000e+01     
 111.000          90.000           -2.000e+02          -2.000e+02               0.000          -2.000e+02               0.000           4.000e+01     
 112.000          90.000           -2.000e+02          -2.000e+02               0.000          -2.000e+02               0.000           4.000e+01     
 113.000          90.000           -2.000e+02          -2.000e+02               0.000          -2.000e+02               0.000           4.000e+01     
 114.000          90.000           -2.000e+02          -2.000e+02               0.000          -2.000e+02               0.000           4.000e+01     
 115.000          90.000           -2.000e+02          -2.000e+02               0.000          -2.000e+02               0.000           4.000e+01     
 116.000          90.000           -2.000e+02          -2.000e+02               0.000          -2.000e+02               0.000           4.000e+01     
 117.000          90.000           -2.000e+02          -2.000e+02               0.000          -2.000e+02               0.000           4.000e+01     
 118.000          90.000           -2.000e+02          -2.000e+02               0.000          -2.000e+02               0.000           4.000e+01     
 119.000          90.000           -2.000e+02          -2.000e+02               0.000          -2.000e+02               0.000           4.000e+01     
 120.000          90.000           -2.000e+02          -2.000e+02               0.000          -2.000e+02               0.000           4.000e+01     
 121.000          90.000           -2.000e+02          -2.000e+02               0.000          -2.000e+02               0.000           4.000e+01     
 122.000          90.000           -2.000e+02          -2.000e+02               0.000          -2.000e+02               0.000           4.000e+01     
 123.000          90.000           -2.000e+02          -2.000e+02               0.000          -2.000e+02               0.000           4.000e+01     
 124.000          90.000           -2.000e+02          -2.000e+02               0.000          -2.000e+02               0.000           4.000e+01     
 125.000          90.000           -2.000e+02          -2.000e+02               0.000          -2.000e+02               0.000           4.000e+01     
 126.000          90.000           -2.000e+02          -2.000e+02               0.000          -2.000e+02               0.000           4.000e+01     
 127.000          90.000           -2.000e+02          -2.000e+02               0.000          -2.000e+02               0.000           4.000e+01     
 128.000          90.000           -2.000e+02          -2.000e+02               0.000          -2.000e+02               0.000           4.000e+01     
 129.000          90.000           -2.000e+02          -2.000e+02               0.000          -2.000e+02               0.000           4.000e+01     
 130.000          90.000           -2.000e+02          -2.000e+02               0.000          -2.000e+02               0.000           4.000e+01     
 131.000          90.000           -2.000e+02          -2.000e+02               0.000          -2.000e+02               0.000           4.000e+01     
 132.000          90.000           -2.000e+02          -2.000e+02               0.000          -2.000e+02               0.000           4.000e+01     
 133.000          90.000           -2.000e+02          -2.000e+02               0.000          -2.000e+02               0.000           4.000e+01     
 134.000          90.000           -2.000e+02          -2.000e+02               0.000          -2.000e+02               0.000           4.000e+01     
 135.000          90.000           -2.000e+02          -2.000e+02               0.000          -2.000e+02               0.000           4.000e+01     
 136.000          90.000           -2.000e+02          -2.000e+02               0.000          -2.000e+02               0.000           4.000e+01     
 137.000          90.000           -2.000e+02          -2.000e+02               0.000          -2.000e+02               0.000           4.000e+01     
 138.000          90.000           -2.000e+02          -2.000e+02               0.000          -2.000e+02               0.000           4.000e+01     
 139.000          90.000           -2.000e+02          -2.000e+02               0.000          -2.000e+02               0.000           4.000e+01     
 140.000          90.000           -2.000e+02          -2.000e+02               0.000          -2.000e+02               0.000           4.000e+01     
 141.000          90.000           -2.000e+02          -2.000e+02               0.000          -2.000e+02               0.000           4.000e+01     
 142.000          90.000           -2.000e+02          -2.000e+02               0.000          -2.000e+02               0.000           4.000e+01     
 143.000          90.000           -2.000e+02          -2.000e+02               0.000          -2.000e+02               0.000           4.000e+01     
 144.000          90.000           -2.000e+02          -2.000e+02               0.000          -2.000e+02               0.000           4.000e+01     
 145.000          90.000           -2.000e+02          -2.000e+02               0.000          -2.000e+02               0.000           4.000e+01     
 146.000          90.000           -2.000e+02          -2.000e+02               0.000          -2.000e+02               0.000           4.000e+01     
 147.000          90.000           -2.000e+02          -2.000e+02               0.000          -2.000e+02               0.000           4.000e+01     
 148.000          90.000           -2.000e+02          -2.000e+02               0.000          -2.000e+02               0.000           4.000e+01     
 149.000          90.000           -2.000e+02          -2.000e+02               0.000          -2.000e+02               0.000           4.000e+01     
 150.000          90.000           -2.000e+02          -2.000e+02               0.000          -2.000e+02               0.000           4.000e+01     
 151.000          90.000           -2.000e+02          -2.000e+02               0.000          -2.000e+02               0.000           4.000e+01     
 152.000          90.000           -2.000e+02          -2.000e+02               0.000          -2.000e+02               0.000           4.000e+01     
 153.000          90.000           -2.000e+02          -2.000e+02               0.000          -2.000e+02               0.000           4.000e+01     
 154.000          90.000           -2.000e+02          -2.000e+02               0.000          -2.000e+02               0.000           4.000e+01     
 155.000          90.000           -2.000e+02          -2.000e+02               0.000          -2.000e+02               0.000           4.000e+01     
 156.000          90.000           -2.000e+02          -2.000e+02               0.000          -2.000e+02               0.000           4.000e+01     
 157.000          90.000           -2.000e+02          -2.000e+02               0.000          -2.000e+02               0.000           4.000e+01     
 158.000          90.000           -2.000e+02          -2.000e+02               0.000          -2.000e+02               0.000           4.000e+01     
 159.000          90.000           -2.000e+02          -2.000e+02               0.000          -2.000e+02               0.000           4.000e+01     
 160.000          90.000           -2.000e+02          -2.000e+02               0.000          -2.000e+02               0.000           4.000e+01     
 161.000          90.000           -2.000e+02          -2.000e+02               0.000          -2.000e+02               0.000           4.000e+01     
 162.000          90.000           -2.000e+02          -2.000e+02               0.000          -2.000e+02               0.000           4.000e+01     
 163.000          90.000           -2.000e+02          -2.000e+02               0.000          -2.000e+02               0.000           4.000e+01     
 164.000          90.000           -2.000e+02          -2.000e+02               0.000          -2.000e+02               0.000           4.000e+01     
 165.000          90.000           -2.000e+02          -2.000e+02               0.000          -2.000e+02               0.000           4.000e+01     
 166.000          90.000           -2.000e+02          -2.000e+02               0.000          -2.000e+02               0.000           4.000e+01     
 167.000          90.000           -2.000e+02          -2.000e+02               0.000          -2.000e+02               0.000           4.000e+01     
 168.000          90.000           -2.000e+02          -2.000e+02               0.000          -2.000e+02               0.000           4.000e+01     
 169.000          90.000           -2.000e+02          -2.000e+02               0.000          -2.000e+02               0.000           4.000e+01     
 170.000          90.000           -2.000e+02          -2.000e+02               0.000          -2.000e+02               0.000           4.000e+01     
 171.000          90.000           -2.000e+02          -2.000e+02               0.000          -2.000e+02               0.000           4.000e+01     
 172.000          90.000           -2.000e+02          -2.000e+02               0.000          -2.000e+02               0.000           4.000e+01     
 173.000          90.000           -2.000e+02          -2.000e+02               0.000          -2.000e+02               0.000           4.000e+01     
 174.000          90.000           -2.000e+02          -2.000e+02               0.000          -2.000e+02               0.000           4.000e+01     
 175.000          90.000           -2.000e+02          -2.000e+02               0.000          -2.000e+02               0.000           4.000e+01     
 176.000          90.000           -2.000e+02          -2.000e+02               0.000          -2.000e+02               0.000           4.000e+01     
 177.000          90.000           -2.000e+02          -2.000e+02               0.000          -2.000e+02               0.000           4.000e+01     
 178.000          90.000           -2.000e+02          -2.000e+02               0.000          -2.000e+02               0.000           4.000e+01     
 179.000          90.000           -2.000e+02          -2.000e+02               0.000          -2.000e+02               0.000           4.000e+01     
 180.000          90.000           -2.000e+02          -2.000e+02               0.000          -2.000e+02               0.000           4.000e+01     
