Theta [deg.]  Phi   [deg.]  Abs(Dir.)[dBi   ]   Abs(Theta)[dBi   ]  Phase(Theta)[deg.]  Abs(Phi  )[dBi   ]  Phase(Phi  )[deg.]  Ax.Ratio[dB    ]    
   0.000          90.000            1.445e+01           1.445e+01              41.789          -1.282e+02              81.177           4.000e+01     
   1.000          90.000            1.444e+01           1.444e+01              41.785          -1.284e+02              63.267           4.000e+01     
   2.000          90.000            1.440e+01           1.440e+01              41.773          -1.279e+02              46.087           4.000e+01     
   3.000          90.000            1.434e+01           1.434e+01              41.754          -1.269e+02              31.754           4.000e+01     
   4.000          90.000            1.425e+01           1.425e+01              41.729          -1.258e+02              20.604           4.000e+01     
   5.000          90.000            1.414e+01           1.414e+01              41.701          -1.247e+02              12.007           4.000e+01     
   6.000          90.000            1.401e+01           1.401e+01              41.672          -1.236e+02               5.222           4.000e+01     
   7.000          90.000            1.385e+01           1.385e+01              41.644          -1.227e+02             359.671           4.000e+01     
   8.000          90.000            1.366e+01           1.366e+01              41.623          -1.220e+02             354.954           4.000e+01     
   9.000          90.000            1.346e+01           1.346e+01              41.612          -1.213e+02             350.797           4.000e+01     
  10.000          90.000            1.322e+01           1.322e+01              41.616          -1.208e+02             347.014           4.000e+01     
  11.000          90.000            1.297e+01           1.297e+01              41.643          -1.204e+02             343.473           4.000e+01     
  12.000          90.000            1.269e+01           1.269e+01              41.698          -1.201e+02             340.078           4.000e+01     
  13.000          90.000            1.239e+01           1.239e+01              41.789          -1.198e+02             336.757           4.000e+01     
  14.000          90.000            1.206e+01           1.206e+01              41.925          -1.197e+02             333.452           4.000e+01     
  15.000          90.000            1.172e+01           1.172e+01              42.116          -1.196e+02             330.114           4.000e+01     
  16.000          90.000            1.135e+01           1.135e+01              42.372          -1.197e+02             326.700           4.000e+01     
  17.000          90.000            1.096e+01           1.096e+01              42.704          -1.198e+02             323.170           4.000e+01     
  18.000          90.000            1.056e+01           1.056e+01              43.125          -1.199e+02             319.484           4.000e+01     
  19.000          90.000            1.013e+01           1.013e+01              43.647          -1.202e+02             315.598           4.000e+01     
  20.000          90.000            9.699e+00           9.699e+00              44.282          -1.205e+02             311.465           4.000e+01     
  21.000          90.000            9.252e+00           9.252e+00              45.043          -1.209e+02             307.030           4.000e+01     
  22.000          90.000            8.796e+00           8.796e+00              45.941          -1.214e+02             302.226           4.000e+01     
  23.000          90.000            8.337e+00           8.337e+00              46.986          -1.219e+02             296.974           4.000e+01     
  24.000          90.000            7.877e+00           7.877e+00              48.184          -1.226e+02             291.174           4.000e+01     
  25.000          90.000            7.424e+00           7.424e+00              49.537          -1.232e+02             284.705           4.000e+01     
  26.000          90.000            6.981e+00           6.981e+00              51.040          -1.240e+02             277.422           4.000e+01     
  27.000          90.000            6.554e+00           6.554e+00              52.682          -1.248e+02             269.157           4.000e+01     
  28.000          90.000            6.150e+00           6.150e+00              54.444          -1.256e+02             259.739           4.000e+01     
  29.000          90.000            5.774e+00           5.774e+00              56.297          -1.263e+02             249.038           4.000e+01     
  30.000          90.000            5.430e+00           5.430e+00              58.203          -1.269e+02             237.042           4.000e+01     
  31.000          90.000            5.122e+00           5.122e+00              60.119          -1.274e+02             223.956           4.000e+01     
  32.000          90.000            4.851e+00           4.851e+00              61.996          -1.276e+02             210.246           4.000e+01     
  33.000          90.000            4.618e+00           4.618e+00              63.786          -1.276e+02             196.543           4.000e+01     
  34.000          90.000            4.420e+00           4.420e+00              65.440          -1.273e+02             183.430           4.000e+01     
  35.000          90.000            4.255e+00           4.255e+00              66.916          -1.269e+02             171.265           4.000e+01     
  36.000          90.000            4.118e+00           4.118e+00              68.181          -1.264e+02             160.152           4.000e+01     
  37.000          90.000            4.004e+00           4.004e+00              69.209          -1.259e+02             150.016           4.000e+01     
  38.000          90.000            3.908e+00           3.908e+00              69.983          -1.254e+02             140.703           4.000e+01     
  39.000          90.000            3.824e+00           3.824e+00              70.496          -1.249e+02             132.041           4.000e+01     
  40.000          90.000            3.749e+00           3.749e+00              70.745          -1.245e+02             123.875           4.000e+01     
  41.000          90.000            3.677e+00           3.677e+00              70.737          -1.240e+02             116.076           4.000e+01     
  42.000          90.000            3.604e+00           3.604e+00              70.478          -1.237e+02             108.542           4.000e+01     
  43.000          90.000            3.528e+00           3.528e+00              69.981          -1.233e+02             101.198           4.000e+01     
  44.000          90.000            3.446e+00           3.446e+00              69.259          -1.230e+02              93.990           4.000e+01     
  45.000          90.000            3.355e+00           3.355e+00              68.327          -1.227e+02              86.884           4.000e+01     
  46.000          90.000            3.254e+00           3.254e+00              67.199          -1.225e+02              79.861           4.000e+01     
  47.000          90.000            3.142e+00           3.142e+00              65.890          -1.222e+02              72.914           4.000e+01     
  48.000          90.000            3.018e+00           3.018e+00              64.413          -1.219e+02              66.050           4.000e+01     
  49.000          90.000            2.881e+00           2.881e+00              62.781          -1.217e+02              59.279           4.000e+01     
  50.000          90.000            2.731e+00           2.731e+00              61.008          -1.215e+02              52.618           4.000e+01     
  51.000          90.000            2.568e+00           2.568e+00              59.105          -1.212e+02              46.087           4.000e+01     
  52.000          90.000            2.392e+00           2.392e+00              57.082          -1.210e+02              39.702           4.000e+01     
  53.000          90.000            2.203e+00           2.203e+00              54.950          -1.208e+02              33.480           4.000e+01     
  54.000          90.000            2.001e+00           2.001e+00              52.717          -1.206e+02              27.434           4.000e+01     
  55.000          90.000            1.786e+00           1.786e+00              50.391          -1.204e+02              21.572           4.000e+01     
  56.000          90.000            1.559e+00           1.559e+00              47.979          -1.202e+02              15.897           4.000e+01     
  57.000          90.000            1.320e+00           1.320e+00              45.489          -1.200e+02              10.409           4.000e+01     
  58.000          90.000            1.069e+00           1.069e+00              42.925          -1.198e+02               5.103           4.000e+01     
  59.000          90.000            8.085e-01           8.085e-01              40.292          -1.197e+02             359.970           4.000e+01     
  60.000          90.000            5.372e-01           5.372e-01              37.594          -1.196e+02             355.000           4.000e+01     
  61.000          90.000            2.563e-01           2.563e-01              34.835          -1.195e+02             350.179           4.000e+01     
  62.000          90.000           -3.349e-02          -3.349e-02              32.017          -1.195e+02             345.494           4.000e+01     
  63.000          90.000           -3.315e-01          -3.315e-01              29.142          -1.195e+02             340.926           4.000e+01     
  64.000          90.000           -6.370e-01          -6.370e-01              26.210          -1.195e+02             336.458           4.000e+01     
  65.000          90.000           -9.490e-01          -9.490e-01              23.222          -1.196e+02             332.071           4.000e+01     
  66.000          90.000           -1.267e+00          -1.267e+00              20.178          -1.197e+02             327.746           4.000e+01     
  67.000          90.000           -1.589e+00          -1.589e+00              17.077          -1.198e+02             323.460           4.000e+01     
  68.000          90.000           -1.916e+00          -1.916e+00              13.917          -1.200e+02             319.191           4.000e+01     
  69.000          90.000           -2.245e+00          -2.245e+00              10.696          -1.202e+02             314.914           4.000e+01     
  70.000          90.000           -2.575e+00          -2.575e+00               7.411          -1.204e+02             310.602           4.000e+01     
  71.000          90.000           -2.906e+00          -2.906e+00               4.059          -1.207e+02             306.224           4.000e+01     
  72.000          90.000           -3.236e+00          -3.236e+00               0.638          -1.210e+02             301.748           4.000e+01     
  73.000          90.000           -3.563e+00          -3.563e+00             357.143          -1.214e+02             297.136           4.000e+01     
  74.000          90.000           -3.887e+00          -3.887e+00             353.572          -1.218e+02             292.347           4.000e+01     
  75.000          90.000           -4.206e+00          -4.206e+00             349.921          -1.222e+02             287.335           4.000e+01     
  76.000          90.000           -4.518e+00          -4.518e+00             346.187          -1.227e+02             282.049           4.000e+01     
  77.000          90.000           -4.823e+00          -4.823e+00             342.368          -1.232e+02             276.434           4.000e+01     
  78.000          90.000           -5.118e+00          -5.118e+00             338.462          -1.237e+02             270.435           4.000e+01     
  79.000          90.000           -5.403e+00          -5.403e+00             334.468          -1.242e+02             263.999           4.000e+01     
  80.000          90.000           -5.677e+00          -5.677e+00             330.387          -1.247e+02             257.083           4.000e+01     
  81.000          90.000           -5.939e+00          -5.939e+00             326.218          -1.251e+02             249.667           4.000e+01     
  82.000          90.000           -6.187e+00          -6.187e+00             321.964          -1.256e+02             241.764           4.000e+01     
  83.000          90.000           -6.422e+00          -6.422e+00             317.627          -1.259e+02             233.436           4.000e+01     
  84.000          90.000           -6.643e+00          -6.643e+00             313.209          -1.261e+02             224.797           4.000e+01     
  85.000          90.000           -6.850e+00          -6.850e+00             308.715          -1.263e+02             216.009           4.000e+01     
  86.000          90.000           -7.043e+00          -7.043e+00             304.148          -1.263e+02             207.255           4.000e+01     
  87.000          90.000           -7.223e+00          -7.223e+00             299.512          -1.262e+02             198.714           4.000e+01     
  88.000          90.000           -7.390e+00          -7.390e+00             294.811          -1.261e+02             190.530           4.000e+01     
  89.000          90.000           -7.545e+00          -7.545e+00             290.048          -1.258e+02             182.794           4.000e+01     
  90.000          90.000           -7.691e+00          -7.691e+00             285.224          -1.255e+02             175.547           4.000e+01     
  91.000          90.000           -7.826e+00          -7.826e+00             280.341          -1.252e+02             168.785           4.000e+01     
  92.000          90.000           -7.954e+00          -7.954e+00             275.401          -1.248e+02             162.476           4.000e+01     
  93.000          90.000           -8.075e+00          -8.075e+00             270.402          -1.245e+02             156.571           4.000e+01     
  94.000          90.000           -8.191e+00          -8.191e+00             265.342          -1.241e+02             151.015           4.000e+01     
  95.000          90.000           -8.302e+00          -8.302e+00             260.220          -1.238e+02             145.752           4.000e+01     
  96.000          90.000           -8.411e+00          -8.411e+00             255.032          -1.234e+02             140.730           4.000e+01     
  97.000          90.000           -8.517e+00          -8.517e+00             249.775          -1.231e+02             135.904           4.000e+01     
  98.000          90.000           -8.621e+00          -8.621e+00             244.444          -1.228e+02             131.234           4.000e+01     
  99.000          90.000           -8.725e+00          -8.725e+00             239.035          -1.225e+02             126.688           4.000e+01     
 100.000          90.000           -8.828e+00          -8.828e+00             233.546          -1.221e+02             122.240           4.000e+01     
 101.000          90.000           -8.930e+00          -8.930e+00             227.973          -1.218e+02             117.872           4.000e+01     
 102.000          90.000           -9.031e+00          -9.031e+00             222.314          -1.215e+02             113.569           4.000e+01     
 103.000          90.000           -9.131e+00          -9.131e+00             216.569          -1.212e+02             109.325           4.000e+01     
 104.000          90.000           -9.229e+00          -9.229e+00             210.739          -1.209e+02             105.135           4.000e+01     
 105.000          90.000           -9.325e+00          -9.325e+00             204.827          -1.206e+02             101.001           4.000e+01     
 106.000          90.000           -9.419e+00          -9.419e+00             198.838          -1.203e+02              96.925           4.000e+01     
 107.000          90.000           -9.510e+00          -9.510e+00             192.779          -1.200e+02              92.914           4.000e+01     
 108.000          90.000           -9.598e+00          -9.598e+00             186.659          -1.197e+02              88.974           4.000e+01     
 109.000          90.000           -9.683e+00          -9.683e+00             180.487          -1.193e+02              85.112           4.000e+01     
 110.000          90.000           -9.767e+00          -9.767e+00             174.274          -1.190e+02              81.337           4.000e+01     
 111.000          90.000           -9.848e+00          -9.848e+00             168.032          -1.187e+02              77.653           4.000e+01     
 112.000          90.000           -9.930e+00          -9.930e+00             161.771          -1.184e+02              74.068           4.000e+01     
 113.000          90.000           -1.001e+01          -1.001e+01             155.501          -1.181e+02              70.584           4.000e+01     
 114.000          90.000           -1.010e+01          -1.010e+01             149.230          -1.178e+02              67.205           4.000e+01     
 115.000          90.000           -1.020e+01          -1.020e+01             142.964          -1.175e+02              63.932           4.000e+01     
 116.000          90.000           -1.030e+01          -1.030e+01             136.705          -1.173e+02              60.765           4.000e+01     
 117.000          90.000           -1.042e+01          -1.042e+01             130.450          -1.170e+02              57.704           4.000e+01     
 118.000          90.000           -1.055e+01          -1.055e+01             124.195          -1.168e+02              54.747           4.000e+01     
 119.000          90.000           -1.070e+01          -1.070e+01             117.928          -1.166e+02              51.892           4.000e+01     
 120.000          90.000           -1.088e+01          -1.088e+01             111.634          -1.164e+02              49.136           4.000e+01     
 121.000          90.000           -1.108e+01          -1.108e+01             105.292          -1.162e+02              46.478           4.000e+01     
 122.000          90.000           -1.132e+01          -1.132e+01              98.872          -1.161e+02              43.914           4.000e+01     
 123.000          90.000           -1.158e+01          -1.158e+01              92.341          -1.160e+02              41.442           4.000e+01     
 124.000          90.000           -1.188e+01          -1.188e+01              85.653          -1.159e+02              39.062           4.000e+01     
 125.000          90.000           -1.221e+01          -1.221e+01              78.756          -1.159e+02              36.772           4.000e+01     
 126.000          90.000           -1.258e+01          -1.258e+01              71.586          -1.159e+02              34.572           4.000e+01     
 127.000          90.000           -1.299e+01          -1.299e+01              64.067          -1.159e+02              32.464           4.000e+01     
 128.000          90.000           -1.342e+01          -1.342e+01              56.113          -1.160e+02              30.450           4.000e+01     
 129.000          90.000           -1.386e+01          -1.386e+01              47.631          -1.161e+02              28.535           4.000e+01     
 130.000          90.000           -1.431e+01          -1.431e+01              38.531          -1.163e+02              26.725           4.000e+01     
 131.000          90.000           -1.473e+01          -1.473e+01              28.744          -1.165e+02              25.030           4.000e+01     
 132.000          90.000           -1.510e+01          -1.510e+01              18.248          -1.168e+02              23.463           4.000e+01     
 133.000          90.000           -1.537e+01          -1.537e+01               7.108          -1.171e+02              22.042           4.000e+01     
 134.000          90.000           -1.551e+01          -1.551e+01             355.503          -1.175e+02              20.792           4.000e+01     
 135.000          90.000           -1.549e+01          -1.549e+01             343.720          -1.180e+02              19.745           4.000e+01     
 136.000          90.000           -1.532e+01          -1.532e+01             332.106          -1.186e+02              18.950           4.000e+01     
 137.000          90.000           -1.500e+01          -1.500e+01             320.985          -1.193e+02              18.475           4.000e+01     
 138.000          90.000           -1.458e+01          -1.458e+01             310.587          -1.200e+02              18.416           4.000e+01     
 139.000          90.000           -1.409e+01          -1.409e+01             301.028          -1.209e+02              18.923           4.000e+01     
 140.000          90.000           -1.357e+01          -1.357e+01             292.322          -1.220e+02              20.227           4.000e+01     
 141.000          90.000           -1.305e+01          -1.305e+01             284.418          -1.232e+02              22.702           4.000e+01     
 142.000          90.000           -1.255e+01          -1.255e+01             277.235          -1.247e+02              26.974           4.000e+01     
 143.000          90.000           -1.209e+01          -1.209e+01             270.678          -1.263e+02              34.091           4.000e+01     
 144.000          90.000           -1.168e+01          -1.168e+01             264.661          -1.279e+02              45.643           4.000e+01     
 145.000          90.000           -1.133e+01          -1.133e+01             259.101          -1.292e+02              62.987           4.000e+01     
 146.000          90.000           -1.103e+01          -1.103e+01             253.930          -1.293e+02              84.159           4.000e+01     
 147.000          90.000           -1.080e+01          -1.080e+01             249.087          -1.283e+02             103.113           4.000e+01     
 148.000          90.000           -1.064e+01          -1.064e+01             244.520          -1.266e+02             116.426           4.000e+01     
 149.000          90.000           -1.054e+01          -1.054e+01             240.186          -1.249e+02             124.917           4.000e+01     
 150.000          90.000           -1.052e+01          -1.052e+01             236.043          -1.233e+02             130.270           4.000e+01     
 151.000          90.000           -1.057e+01          -1.057e+01             232.054          -1.220e+02             133.689           4.000e+01     
 152.000          90.000           -1.069e+01          -1.069e+01             228.184          -1.208e+02             135.904           4.000e+01     
 153.000          90.000           -1.091e+01          -1.091e+01             224.394          -1.198e+02             137.348           4.000e+01     
 154.000          90.000           -1.121e+01          -1.121e+01             220.643          -1.190e+02             138.289           4.000e+01     
 155.000          90.000           -1.161e+01          -1.161e+01             216.882          -1.182e+02             138.898           4.000e+01     
 156.000          90.000           -1.212e+01          -1.212e+01             213.049          -1.176e+02             139.291           4.000e+01     
 157.000          90.000           -1.275e+01          -1.275e+01             209.059          -1.171e+02             139.549           4.000e+01     
 158.000          90.000           -1.352e+01          -1.352e+01             204.793          -1.166e+02             139.731           4.000e+01     
 159.000          90.000           -1.445e+01          -1.445e+01             200.068          -1.162e+02             139.882           4.000e+01     
 160.000          90.000           -1.557e+01          -1.557e+01             194.594          -1.159e+02             140.039           4.000e+01     
 161.000          90.000           -1.692e+01          -1.692e+01             187.880          -1.157e+02             140.232           4.000e+01     
 162.000          90.000           -1.851e+01          -1.851e+01             179.062          -1.156e+02             140.489           4.000e+01     
 163.000          90.000           -2.032e+01          -2.032e+01             166.616          -1.155e+02             140.835           4.000e+01     
 164.000          90.000           -2.207e+01          -2.207e+01             148.284          -1.154e+02             141.296           4.000e+01     
 165.000          90.000           -2.301e+01          -2.301e+01             123.251          -1.155e+02             141.899           4.000e+01     
 166.000          90.000           -2.239e+01          -2.239e+01              97.171          -1.156e+02             142.671           4.000e+01     
 167.000          90.000           -2.069e+01          -2.069e+01              77.257          -1.157e+02             143.646           4.000e+01     
 168.000          90.000           -1.880e+01          -1.880e+01              64.017          -1.160e+02             144.859           4.000e+01     
 169.000          90.000           -1.709e+01          -1.709e+01              55.190          -1.162e+02             146.356           4.000e+01     
 170.000          90.000           -1.562e+01          -1.562e+01              49.029          -1.166e+02             148.189           4.000e+01     
 171.000          90.000           -1.439e+01          -1.439e+01              44.531          -1.170e+02             150.423           4.000e+01     
 172.000          90.000           -1.336e+01          -1.336e+01              41.131          -1.175e+02             153.137           4.000e+01     
 173.000          90.000           -1.250e+01          -1.250e+01              38.504          -1.180e+02             156.426           4.000e+01     
 174.000          90.000           -1.180e+01          -1.180e+01              36.453          -1.186e+02             160.405           4.000e+01     
 175.000          90.000           -1.123e+01          -1.123e+01              34.852          -1.192e+02             165.201           4.000e+01     
 176.000          90.000           -1.077e+01          -1.077e+01              33.621          -1.198e+02             170.947           4.000e+01     
 177.000          90.000           -1.043e+01          -1.043e+01              32.708          -1.204e+02             177.751           4.000e+01     
 178.000          90.000           -1.019e+01          -1.019e+01              32.078          -1.209e+02             185.647           4.000e+01     
 179.000          90.000           -1.005e+01          -1.005e+01              31.709          -1.213e+02             194.529           4.000e+01     
 180.000          90.000           -1.000e+01          -1.000e+01              31.589          -1.215e+02             204.098           4.000e+01     
