Theta [deg.]  Phi   [deg.]  Abs(Dir.)[dBi   ]   Abs(Theta)[dBi   ]  Phase(Theta)[deg.]  Abs(Phi  )[dBi   ]  Phase(Phi  )[deg.]  Ax.Ratio[dB    ]    
------------------------------------------------------------------------------------------------------------------------------------------------------
   0.000          90.000            5.939e+00           5.939e+00             330.019          -1.125e+02             124.621           4.000e+01     
   1.000          90.000            5.928e+00           5.928e+00             330.008          -3.289e+01             331.821           4.000e+01     
   2.000          90.000            5.896e+00           5.894e+00             329.975          -2.689e+01             331.768           4.000e+01     
   3.000          90.000            5.844e+00           5.838e+00             329.923          -2.342e+01             331.674           4.000e+01     
   4.000          90.000            5.769e+00           5.760e+00             329.852          -2.099e+01             331.544           4.000e+01     
   5.000          90.000            5.674e+00           5.660e+00             329.764          -1.914e+01             331.379           4.000e+01     
   6.000          90.000            5.558e+00           5.537e+00             329.663          -1.767e+01             331.182           4.000e+01     
   7.000          90.000            5.420e+00           5.392e+00             329.553          -1.646e+01             330.955           4.000e+01     
   8.000          90.000            5.261e+00           5.224e+00             329.437          -1.544e+01             330.702           4.000e+01     
   9.000          90.000            5.082e+00           5.034e+00             329.322          -1.459e+01             330.427           4.000e+01     
  10.000          90.000            4.881e+00           4.823e+00             329.212          -1.386e+01             330.135           4.000e+01     
  11.000          90.000            4.660e+00           4.589e+00             329.117          -1.324e+01             329.831           4.000e+01     
  12.000          90.000            4.418e+00           4.333e+00             329.044          -1.271e+01             329.522           4.000e+01     
  13.000          90.000            4.155e+00           4.055e+00             329.001          -1.226e+01             329.212           4.000e+01     
  14.000          90.000            3.874e+00           3.756e+00             329.001          -1.188e+01             328.912           4.000e+01     
  15.000          90.000            3.573e+00           3.437e+00             329.054          -1.156e+01             328.628           4.000e+01     
  16.000          90.000            3.253e+00           3.098e+00             329.173          -1.130e+01             328.372           4.000e+01     
  17.000          90.000            2.916e+00           2.740e+00             329.373          -1.108e+01             328.151           4.000e+01     
  18.000          90.000            2.564e+00           2.365e+00             329.669          -1.092e+01             327.977           4.000e+01     
  19.000          90.000            2.197e+00           1.973e+00             330.077          -1.080e+01             327.865           4.000e+01     
  20.000          90.000            1.818e+00           1.569e+00             330.614          -1.071e+01             327.825           3.904e+01     
  21.000          90.000            1.430e+00           1.154e+00             331.297          -1.067e+01             327.871           3.684e+01     
  22.000          90.000            1.036e+00           7.312e-01             332.142          -1.065e+01             328.018           3.485e+01     
  23.000          90.000            6.412e-01           3.062e-01             333.164          -1.065e+01             328.277           3.302e+01     
  24.000          90.000            2.491e-01          -1.163e-01             334.374          -1.068e+01             328.663           3.133e+01     
  25.000          90.000           -1.341e-01          -5.304e-01             335.777          -1.073e+01             329.185           2.978e+01     
  26.000          90.000           -5.022e-01          -9.294e-01             337.371          -1.079e+01             329.854           2.836e+01     
  27.000          90.000           -8.487e-01          -1.306e+00             339.145          -1.085e+01             330.675           2.708e+01     
  28.000          90.000           -1.167e+00          -1.653e+00             341.076          -1.091e+01             331.647           2.592e+01     
  29.000          90.000           -1.451e+00          -1.965e+00             343.130          -1.097e+01             332.763           2.491e+01     
  30.000          90.000           -1.695e+00          -2.234e+00             345.259          -1.102e+01             334.010           2.403e+01     
  31.000          90.000           -1.896e+00          -2.458e+00             347.407          -1.105e+01             335.365           2.329e+01     
  32.000          90.000           -2.052e+00          -2.635e+00             349.512          -1.106e+01             336.799           2.269e+01     
  33.000          90.000           -2.163e+00          -2.765e+00             351.511          -1.104e+01             338.274           2.223e+01     
  34.000          90.000           -2.231e+00          -2.852e+00             353.345          -1.099e+01             339.745           2.190e+01     
  35.000          90.000           -2.262e+00          -2.899e+00             354.964          -1.091e+01             341.167           2.168e+01     
  36.000          90.000           -2.259e+00          -2.914e+00             356.330          -1.080e+01             342.495           2.156e+01     
  37.000          90.000           -2.230e+00          -2.902e+00             357.416          -1.066e+01             343.686           2.154e+01     
  38.000          90.000           -2.180e+00          -2.871e+00             358.207          -1.050e+01             344.703           2.159e+01     
  39.000          90.000           -2.116e+00          -2.827e+00             358.700          -1.032e+01             345.519           2.170e+01     
  40.000          90.000           -2.042e+00          -2.776e+00             358.897          -1.013e+01             346.112           2.186e+01     
  41.000          90.000           -1.965e+00          -2.723e+00             358.810          -9.919e+00             346.470           2.206e+01     
  42.000          90.000           -1.887e+00          -2.671e+00             358.453          -9.707e+00             346.590           2.229e+01     
  43.000          90.000           -1.812e+00          -2.624e+00             357.842          -9.494e+00             346.471           2.255e+01     
  44.000          90.000           -1.742e+00          -2.584e+00             356.998          -9.284e+00             346.120           2.282e+01     
  45.000          90.000           -1.680e+00          -2.552e+00             355.938          -9.080e+00             345.546           2.311e+01     
  46.000          90.000           -1.627e+00          -2.531e+00             354.683          -8.886e+00             344.763           2.340e+01     
  47.000          90.000           -1.584e+00          -2.521e+00             353.252          -8.703e+00             343.783           2.370e+01     
  48.000          90.000           -1.551e+00          -2.522e+00             351.663          -8.534e+00             342.622           2.399e+01     
  49.000          90.000           -1.530e+00          -2.535e+00             349.934          -8.379e+00             341.292           2.428e+01     
  50.000          90.000           -1.519e+00          -2.558e+00             348.083          -8.239e+00             339.809           2.457e+01     
  51.000          90.000           -1.520e+00          -2.593e+00             346.128          -8.116e+00             338.188           2.484e+01     
  52.000          90.000           -1.531e+00          -2.638e+00             344.083          -8.010e+00             336.441           2.508e+01     
  53.000          90.000           -1.554e+00          -2.694e+00             341.965          -7.920e+00             334.584           2.530e+01     
  54.000          90.000           -1.587e+00          -2.760e+00             339.789          -7.847e+00             332.627           2.549e+01     
  55.000          90.000           -1.631e+00          -2.835e+00             337.570          -7.791e+00             330.585           2.564e+01     
  56.000          90.000           -1.686e+00          -2.920e+00             335.319          -7.752e+00             328.468           2.574e+01     
  57.000          90.000           -1.752e+00          -3.015e+00             333.050          -7.730e+00             326.287           2.580e+01     
  58.000          90.000           -1.828e+00          -3.119e+00             330.775          -7.724e+00             324.054           2.580e+01     
  59.000          90.000           -1.915e+00          -3.233e+00             328.503          -7.734e+00             321.778           2.574e+01     
  60.000          90.000           -2.013e+00          -3.357e+00             326.242          -7.760e+00             319.469           2.564e+01     
  61.000          90.000           -2.122e+00          -3.491e+00             324.000          -7.802e+00             317.136           2.548e+01     
  62.000          90.000           -2.242e+00          -3.634e+00             321.781          -7.860e+00             314.785           2.527e+01     
  63.000          90.000           -2.374e+00          -3.789e+00             319.592          -7.934e+00             312.425           2.502e+01     
  64.000          90.000           -2.518e+00          -3.954e+00             317.432          -8.022e+00             310.062           2.475e+01     
  65.000          90.000           -2.675e+00          -4.131e+00             315.303          -8.127e+00             307.701           2.445e+01     
  66.000          90.000           -2.843e+00          -4.320e+00             313.200          -8.246e+00             305.346           2.413e+01     
  67.000          90.000           -3.025e+00          -4.520e+00             311.121          -8.381e+00             303.001           2.382e+01     
  68.000          90.000           -3.219e+00          -4.733e+00             309.059          -8.532e+00             300.667           2.350e+01     
  69.000          90.000           -3.426e+00          -4.958e+00             307.006          -8.697e+00             298.346           2.321e+01     
  70.000          90.000           -3.647e+00          -5.195e+00             304.949          -8.878e+00             296.039           2.294e+01     
  71.000          90.000           -3.880e+00          -5.444e+00             302.879          -9.073e+00             293.740           2.269e+01     
  72.000          90.000           -4.125e+00          -5.705e+00             300.779          -9.284e+00             291.449           2.249e+01     
  73.000          90.000           -4.383e+00          -5.977e+00             298.633          -9.509e+00             289.160           2.234e+01     
  74.000          90.000           -4.652e+00          -6.260e+00             296.422          -9.748e+00             286.869           2.225e+01     
  75.000          90.000           -4.932e+00          -6.552e+00             294.125          -1.000e+01             284.567           2.223e+01     
  76.000          90.000           -5.221e+00          -6.851e+00             291.721          -1.027e+01             282.247           2.230e+01     
  77.000          90.000           -5.519e+00          -7.157e+00             289.186          -1.054e+01             279.896           2.246e+01     
  78.000          90.000           -5.822e+00          -7.467e+00             286.500          -1.084e+01             277.508           2.273e+01     
  79.000          90.000           -6.129e+00          -7.776e+00             283.640          -1.114e+01             275.070           2.315e+01     
  80.000          90.000           -6.436e+00          -8.083e+00             280.587          -1.145e+01             272.570           2.373e+01     
  81.000          90.000           -6.742e+00          -8.382e+00             277.323          -1.176e+01             269.994           2.452e+01     
  82.000          90.000           -7.040e+00          -8.669e+00             273.838          -1.209e+01             267.332           2.557e+01     
  83.000          90.000           -7.328e+00          -8.937e+00             270.127          -1.242e+01             264.573           2.697e+01     
  84.000          90.000           -7.600e+00          -9.183e+00             266.197          -1.275e+01             261.705           2.885e+01     
  85.000          90.000           -7.853e+00          -9.400e+00             262.061          -1.308e+01             258.722           3.147e+01     
  86.000          90.000           -8.080e+00          -9.584e+00             257.745          -1.341e+01             255.618           3.545e+01     
  87.000          90.000           -8.278e+00          -9.731e+00             253.285          -1.374e+01             252.391           4.000e+01     
  88.000          90.000           -8.445e+00          -9.838e+00             248.723          -1.406e+01             249.042           4.000e+01     
  89.000          90.000           -8.579e+00          -9.906e+00             244.108          -1.437e+01             245.578           3.894e+01     
  90.000          90.000           -8.680e+00          -9.937e+00             239.483          -1.468e+01             242.004           3.438e+01     
  91.000          90.000           -8.749e+00          -9.934e+00             234.898          -1.497e+01             238.342           3.183e+01     
  92.000          90.000           -8.790e+00          -9.902e+00             230.389          -1.525e+01             234.604           3.024e+01     
  93.000          90.000           -8.807e+00          -9.847e+00             225.980          -1.552e+01             230.808           2.924e+01     
  94.000          90.000           -8.805e+00          -9.778e+00             221.691          -1.578e+01             226.975           2.865e+01     
  95.000          90.000           -8.791e+00          -9.699e+00             217.527          -1.604e+01             223.122           2.836e+01     
  96.000          90.000           -8.771e+00          -9.618e+00             213.488          -1.629e+01             219.266           2.829e+01     
  97.000          90.000           -8.751e+00          -9.542e+00             209.564          -1.654e+01             215.419           2.839e+01     
  98.000          90.000           -8.736e+00          -9.474e+00             205.743          -1.680e+01             211.589           2.863e+01     
  99.000          90.000           -8.730e+00          -9.419e+00             202.004          -1.706e+01             207.778           2.896e+01     
 100.000          90.000           -8.738e+00          -9.382e+00             198.329          -1.735e+01             203.980           2.938e+01     
 101.000          90.000           -8.764e+00          -9.364e+00             194.696          -1.765e+01             200.186           2.987e+01     
 102.000          90.000           -8.809e+00          -9.368e+00             191.081          -1.799e+01             196.375           3.043e+01     
 103.000          90.000           -8.876e+00          -9.396e+00             187.464          -1.835e+01             192.521           3.109e+01     
 104.000          90.000           -8.966e+00          -9.448e+00             183.821          -1.876e+01             188.586           3.188e+01     
 105.000          90.000           -9.080e+00          -9.523e+00             180.134          -1.921e+01             184.524           3.289e+01     
 106.000          90.000           -9.216e+00          -9.622e+00             176.382          -1.971e+01             180.273           3.426e+01     
 107.000          90.000           -9.375e+00          -9.745e+00             172.549          -2.026e+01             175.757           3.629e+01     
 108.000          90.000           -9.555e+00          -9.889e+00             168.619          -2.086e+01             170.879           3.972e+01     
 109.000          90.000           -9.754e+00          -1.005e+01             164.579          -2.151e+01             165.518           4.000e+01     
 110.000          90.000           -9.971e+00          -1.024e+01             160.419          -2.222e+01             159.526           4.000e+01     
 111.000          90.000           -1.020e+01          -1.044e+01             156.129          -2.295e+01             152.728           3.752e+01     
 112.000          90.000           -1.044e+01          -1.065e+01             151.709          -2.369e+01             144.943           3.203e+01     
 113.000          90.000           -1.069e+01          -1.088e+01             147.157          -2.439e+01             136.017           2.815e+01     
 114.000          90.000           -1.094e+01          -1.112e+01             142.475          -2.497e+01             125.911           2.508e+01     
 115.000          90.000           -1.120e+01          -1.136e+01             137.669          -2.538e+01             114.806           2.252e+01     
 116.000          90.000           -1.145e+01          -1.162e+01             132.746          -2.554e+01             103.169           2.032e+01     
 117.000          90.000           -1.169e+01          -1.188e+01             127.715          -2.543e+01              91.672           1.841e+01     
 118.000          90.000           -1.193e+01          -1.215e+01             122.588          -2.508e+01              80.955           1.673e+01     
 119.000          90.000           -1.216e+01          -1.242e+01             117.375          -2.457e+01              71.428           1.528e+01     
 120.000          90.000           -1.239e+01          -1.270e+01             112.074          -2.396e+01              63.212           1.401e+01     
 121.000          90.000           -1.261e+01          -1.299e+01             106.691          -2.333e+01              56.239           1.293e+01     
 122.000          90.000           -1.282e+01          -1.329e+01             101.223          -2.271e+01              50.344           1.204e+01     
 123.000          90.000           -1.303e+01          -1.361e+01              95.660          -2.213e+01              45.348           1.132e+01     
 124.000          90.000           -1.325e+01          -1.393e+01              89.983          -2.160e+01              41.085           1.080e+01     
 125.000          90.000           -1.346e+01          -1.427e+01              84.168          -2.113e+01              37.417           1.050e+01     
 126.000          90.000           -1.368e+01          -1.463e+01              78.181          -2.072e+01              34.231           1.042e+01     
 127.000          90.000           -1.389e+01          -1.500e+01              71.983          -2.037e+01              31.438           1.060e+01     
 128.000          90.000           -1.411e+01          -1.538e+01              65.531          -2.008e+01              28.968           1.108e+01     
 129.000          90.000           -1.432e+01          -1.576e+01              58.781          -1.984e+01              26.764           1.192e+01     
 130.000          90.000           -1.453e+01          -1.612e+01              51.697          -1.965e+01              24.781           1.320e+01     
 131.000          90.000           -1.472e+01          -1.647e+01              44.258          -1.952e+01              22.981           1.509e+01     
 132.000          90.000           -1.490e+01          -1.678e+01              36.469          -1.944e+01              21.336           1.795e+01     
 133.000          90.000           -1.505e+01          -1.703e+01              28.375          -1.941e+01              19.819           2.285e+01     
 134.000          90.000           -1.516e+01          -1.720e+01              20.069          -1.942e+01              18.410           3.707e+01     
 135.000          90.000           -1.524e+01          -1.729e+01              11.684          -1.948e+01              17.089           2.679e+01     
 136.000          90.000           -1.528e+01          -1.729e+01               3.394          -1.958e+01              15.849           1.955e+01     
 137.000          90.000           -1.527e+01          -1.720e+01             355.349          -1.973e+01              14.661           1.577e+01     
 138.000          90.000           -1.523e+01          -1.704e+01             347.708          -1.992e+01              13.518           1.332e+01     
 139.000          90.000           -1.516e+01          -1.681e+01             340.577          -2.016e+01              12.412           1.163e+01     
 140.000          90.000           -1.507e+01          -1.655e+01             334.017          -2.045e+01              11.330           1.047e+01     
 141.000          90.000           -1.496e+01          -1.628e+01             328.046          -2.079e+01              10.263           9.718e+00     
 142.000          90.000           -1.485e+01          -1.600e+01             322.650          -2.119e+01               9.202           9.300e+00     
 143.000          90.000           -1.474e+01          -1.574e+01             317.794          -2.163e+01               8.137           9.160e+00     
 144.000          90.000           -1.465e+01          -1.550e+01             313.432          -2.214e+01               7.058           9.250e+00     
 145.000          90.000           -1.458e+01          -1.530e+01             309.515          -2.272e+01               5.953           9.528e+00     
 146.000          90.000           -1.453e+01          -1.514e+01             305.995          -2.336e+01               4.811           9.961e+00     
 147.000          90.000           -1.452e+01          -1.503e+01             302.826          -2.409e+01               3.617           1.052e+01     
 148.000          90.000           -1.454e+01          -1.496e+01             299.965          -2.491e+01               2.348           1.120e+01     
 149.000          90.000           -1.461e+01          -1.495e+01             297.376          -2.584e+01               0.979           1.200e+01     
 150.000          90.000           -1.473e+01          -1.500e+01             295.024          -2.690e+01             359.468           1.291e+01     
 151.000          90.000           -1.489e+01          -1.510e+01             292.879          -2.812e+01             357.754           1.396e+01     
 152.000          90.000           -1.511e+01          -1.527e+01             290.915          -2.953e+01             355.733           1.519e+01     
 153.000          90.000           -1.539e+01          -1.550e+01             289.105          -3.119e+01             353.226           1.665e+01     
 154.000          90.000           -1.573e+01          -1.581e+01             287.427          -3.320e+01             349.881           1.848e+01     
 155.000          90.000           -1.614e+01          -1.619e+01             285.858          -3.572e+01             344.921           2.089e+01     
 156.000          90.000           -1.662e+01          -1.665e+01             284.375          -3.900e+01             336.295           2.445e+01     
 157.000          90.000           -1.719e+01          -1.720e+01             282.954          -4.338e+01             317.162           3.120e+01     
 158.000          90.000           -1.785e+01          -1.786e+01             281.566          -4.683e+01             269.197           4.000e+01     
 159.000          90.000           -1.862e+01          -1.863e+01             280.178          -4.378e+01             222.509           2.662e+01     
 160.000          90.000           -1.950e+01          -1.954e+01             278.744          -4.001e+01             204.115           2.079e+01     
 161.000          90.000           -2.053e+01          -2.062e+01             277.199          -3.735e+01             195.792           1.684e+01     
 162.000          90.000           -2.171e+01          -2.190e+01             275.441          -3.546e+01             191.039           1.361e+01     
 163.000          90.000           -2.309e+01          -2.345e+01             273.280          -3.408e+01             187.889           1.067e+01     
 164.000          90.000           -2.468e+01          -2.536e+01             270.397          -3.307e+01             185.593           7.754e+00     
 165.000          90.000           -2.651e+01          -2.782e+01             266.013          -3.233e+01             183.810           4.676e+00     
 166.000          90.000           -2.846e+01          -3.114e+01             258.008          -3.182e+01             182.365           2.304e+00     
 167.000          90.000           -3.014e+01          -3.581e+01             238.590          -3.151e+01             181.158           6.926e+00     
 168.000          90.000           -3.071e+01          -3.924e+01             184.231          -3.137e+01             180.132           3.210e+01     
 169.000          90.000           -2.985e+01          -3.508e+01             137.967          -3.140e+01             179.249           9.458e+00     
 170.000          90.000           -2.827e+01          -3.099e+01             122.298          -3.159e+01             178.483           5.490e+00     
 171.000          90.000           -2.666e+01          -2.817e+01             115.572          -3.195e+01             177.817           5.887e+00     
 172.000          90.000           -2.524e+01          -2.614e+01             111.924          -3.250e+01             177.241           7.604e+00     
 173.000          90.000           -2.406e+01          -2.462e+01             109.664          -3.325e+01             176.745           9.541e+00     
 174.000          90.000           -2.310e+01          -2.345e+01             108.152          -3.424e+01             176.324           1.154e+01     
 175.000          90.000           -2.234e+01          -2.255e+01             107.097          -3.553e+01             175.974           1.364e+01     
 176.000          90.000           -2.174e+01          -2.186e+01             106.350          -3.723e+01             175.691           1.598e+01     
 177.000          90.000           -2.129e+01          -2.135e+01             105.827          -3.955e+01             175.473           1.878e+01     
 178.000          90.000           -2.098e+01          -2.101e+01             105.480          -4.295e+01             175.319           2.250e+01     
 179.000          90.000           -2.079e+01          -2.080e+01             105.282          -4.889e+01             175.231           2.864e+01     
 180.000          90.000           -2.073e+01          -2.073e+01             105.217          -1.218e+02              56.159           4.000e+01     
