Theta [deg.]  Phi   [deg.]  Abs(Gain)[dBi   ]   Abs(Theta)[dBi   ]  Phase(Theta)[deg.]  Abs(Phi  )[dBi   ]  Phase(Phi  )[deg.]  Ax.Ratio[dB    ]    
------------------------------------------------------------------------------------------------------------------------------------------------------
   0.000          90.000            2.487e+01           2.487e+01              97.654          -1.961e+02             307.540           4.000e+01     
   1.000          90.000            2.462e+01           2.462e+01              98.770          -1.010e+02             217.272           4.000e+01     
   2.000          90.000            2.389e+01           2.389e+01             102.189          -9.634e+01             216.840           4.000e+01     
   3.000          90.000            2.268e+01           2.268e+01             108.121          -9.537e+01             216.014           4.000e+01     
   4.000          90.000            2.101e+01           2.101e+01             116.933          -9.714e+01             214.475           4.000e+01     
   5.000          90.000            1.892e+01           1.892e+01             129.166          -1.032e+02             210.456           4.000e+01     
   6.000          90.000            1.649e+01           1.649e+01             145.527          -1.150e+02              56.276           4.000e+01     
   7.000          90.000            1.392e+01           1.392e+01             166.751          -1.009e+02              36.204           4.000e+01     
   8.000          90.000            1.156e+01           1.156e+01             192.891          -9.791e+01              31.224           4.000e+01     
   9.000          90.000            9.870e+00           9.870e+00             221.646          -9.859e+01              24.425           4.000e+01     
  10.000          90.000            8.926e+00           8.926e+00             248.044          -1.032e+02               6.780           4.000e+01     
  11.000          90.000            8.279e+00           8.279e+00             267.927          -1.080e+02             279.610           4.000e+01     
  12.000          90.000            7.466e+00           7.466e+00             279.597          -1.006e+02             232.096           4.000e+01     
  13.000          90.000            6.461e+00           6.461e+00             282.161          -9.793e+01             218.129           4.000e+01     
  14.000          90.000            5.858e+00           5.858e+00             276.322          -9.865e+01             204.899           4.000e+01     
  15.000          90.000            6.270e+00           6.270e+00             268.427          -1.028e+02             175.362           4.000e+01     
  16.000          90.000            7.230e+00           7.230e+00             265.847          -1.034e+02              98.384           4.000e+01     
  17.000          90.000            7.914e+00           7.914e+00             269.853          -9.798e+01              61.602           4.000e+01     
  18.000          90.000            7.935e+00           7.935e+00             279.080          -9.567e+01              46.371           4.000e+01     
  19.000          90.000            7.177e+00           7.177e+00             292.705          -9.597e+01              33.005           4.000e+01     
  20.000          90.000            5.604e+00           5.604e+00             311.167          -9.860e+01              12.028           4.000e+01     
  21.000          90.000            3.285e+00           3.285e+00             336.793          -1.019e+02             326.668           4.000e+01     
  22.000          90.000            8.886e-01           8.886e-01              13.924          -1.005e+02             276.408           4.000e+01     
  23.000          90.000            2.335e-01           2.335e-01              59.582          -9.902e+01             251.867           4.000e+01     
  24.000          90.000            1.305e+00           1.305e+00              97.615          -1.003e+02             235.381           4.000e+01     
  25.000          90.000            2.152e+00           2.152e+00             125.163          -1.054e+02             209.364           4.000e+01     
  26.000          90.000            1.938e+00           1.938e+00             147.880          -1.091e+02             128.814           4.000e+01     
  27.000          90.000            4.095e-01           4.095e-01             171.120          -1.046e+02              86.156           4.000e+01     
  28.000          90.000           -2.418e+00          -2.418e+00             203.081          -1.048e+02              73.461           4.000e+01     
  29.000          90.000           -4.272e+00          -4.272e+00             255.527          -1.132e+02              65.240           4.000e+01     
  30.000          90.000           -1.847e+00          -1.847e+00             303.343          -1.095e+02             246.496           4.000e+01     
  31.000          90.000            8.881e-01           8.881e-01             329.383          -1.016e+02             242.506           4.000e+01     
  32.000          90.000            2.355e+00           2.355e+00             345.858          -9.939e+01             240.657           4.000e+01     
  33.000          90.000            2.595e+00           2.595e+00             358.926          -1.003e+02             241.064           4.000e+01     
  34.000          90.000            1.601e+00           1.601e+00              11.463          -1.046e+02             249.172           4.000e+01     
  35.000          90.000           -9.631e-01          -9.631e-01              26.490          -1.115e+02             308.324           4.000e+01     
  36.000          90.000           -6.111e+00          -6.111e+00              54.021          -1.054e+02               4.471           4.000e+01     
  37.000          90.000           -9.630e+00          -9.630e+00             138.724          -1.019e+02               9.949           4.000e+01     
  38.000          90.000           -3.008e+00          -3.008e+00             190.514          -1.010e+02               7.792           4.000e+01     
  39.000          90.000            8.394e-01           8.394e-01             210.987          -1.018e+02               5.725           4.000e+01     
  40.000          90.000            2.632e+00           2.632e+00             226.401          -1.044e+02               9.403           4.000e+01     
  41.000          90.000            3.004e+00           3.004e+00             241.451          -1.091e+02              31.740           4.000e+01     
  42.000          90.000            2.143e+00           2.143e+00             258.395          -1.112e+02              99.532           4.000e+01     
  43.000          90.000            8.281e-02           8.281e-02             280.366          -1.065e+02             147.741           4.000e+01     
  44.000          90.000           -2.821e+00          -2.821e+00             313.791          -1.030e+02             175.599           4.000e+01     
  45.000          90.000           -4.383e+00          -4.383e+00               2.851          -1.004e+02             198.518           4.000e+01     
  46.000          90.000           -3.174e+00          -3.174e+00              47.081          -9.880e+01             217.590           4.000e+01     
  47.000          90.000           -1.878e+00          -1.878e+00              77.990          -9.847e+01             234.449           4.000e+01     
  48.000          90.000           -1.543e+00          -1.543e+00             104.201          -9.997e+01             253.746           4.000e+01     
  49.000          90.000           -1.907e+00          -1.907e+00             131.800          -1.035e+02             288.990           4.000e+01     
  50.000          90.000           -2.233e+00          -2.233e+00             162.957          -1.039e+02             355.327           4.000e+01     
  51.000          90.000           -1.877e+00          -1.877e+00             194.332          -9.993e+01              35.768           4.000e+01     
  52.000          90.000           -1.110e+00          -1.110e+00             221.186          -9.789e+01              57.728           4.000e+01     
  53.000          90.000           -5.984e-01          -5.984e-01             243.599          -9.786e+01              78.244           4.000e+01     
  54.000          90.000           -6.891e-01          -6.891e-01             264.735          -9.915e+01             105.422           4.000e+01     
  55.000          90.000           -1.355e+00          -1.355e+00             288.540          -1.003e+02             142.860           4.000e+01     
  56.000          90.000           -2.076e+00          -2.076e+00             318.493          -9.998e+01             180.595           4.000e+01     
  57.000          90.000           -1.881e+00          -1.881e+00             352.799          -9.961e+01             211.038           4.000e+01     
  58.000          90.000           -7.418e-01          -7.418e-01              23.336          -1.000e+02             239.558           4.000e+01     
  59.000          90.000            2.633e-01           2.633e-01              47.259          -1.007e+02             271.254           4.000e+01     
  60.000          90.000            3.743e-01           3.743e-01              67.467          -1.009e+02             302.871           4.000e+01     
  61.000          90.000           -8.153e-01          -8.153e-01              88.015          -1.009e+02             327.438           4.000e+01     
  62.000          90.000           -3.656e+00          -3.656e+00             115.842          -1.018e+02             344.671           4.000e+01     
  63.000          90.000           -6.934e+00          -6.934e+00             168.551          -1.043e+02             357.700           4.000e+01     
  64.000          90.000           -4.687e+00          -4.687e+00             229.969          -1.091e+02              10.220           4.000e+01     
  65.000          90.000           -1.343e+00          -1.343e+00             262.649          -1.166e+02              31.992           4.000e+01     
  66.000          90.000            2.176e-01           2.176e-01             284.408          -1.212e+02              78.162           4.000e+01     
  67.000          90.000            1.258e-01           1.258e-01             304.659          -1.170e+02              80.337           4.000e+01     
  68.000          90.000           -1.487e+00          -1.487e+00             329.184          -1.113e+02              72.826           4.000e+01     
  69.000          90.000           -4.036e+00          -4.036e+00               7.274          -1.073e+02              76.222           4.000e+01     
  70.000          90.000           -4.309e+00          -4.309e+00              61.381          -1.051e+02              86.737           4.000e+01     
  71.000          90.000           -1.762e+00          -1.762e+00             102.310          -1.042e+02             103.020           4.000e+01     
  72.000          90.000            2.024e-01           2.024e-01             128.041          -1.043e+02             125.614           4.000e+01     
  73.000          90.000            8.794e-01           8.794e-01             148.102          -1.048e+02             155.705           4.000e+01     
  74.000          90.000            3.155e-01           3.155e-01             167.247          -1.047e+02             192.411           4.000e+01     
  75.000          90.000           -1.475e+00          -1.475e+00             189.154          -1.036e+02             229.347           4.000e+01     
  76.000          90.000           -4.322e+00          -4.322e+00             220.158          -1.019e+02             260.251           4.000e+01     
  77.000          90.000           -6.352e+00          -6.352e+00             268.368          -1.004e+02             285.083           4.000e+01     
  78.000          90.000           -4.921e+00          -4.921e+00             315.043          -9.971e+01             306.616           4.000e+01     
  79.000          90.000           -2.882e+00          -2.882e+00             343.332          -9.982e+01             327.972           4.000e+01     
  80.000          90.000           -1.969e+00          -1.969e+00               1.547          -1.006e+02             352.622           4.000e+01     
  81.000          90.000           -2.381e+00          -2.381e+00              15.285          -1.015e+02              23.615           4.000e+01     
  82.000          90.000           -4.334e+00          -4.334e+00              27.227          -1.014e+02              58.317           4.000e+01     
  83.000          90.000           -8.664e+00          -8.664e+00              40.755          -1.004e+02              88.362           4.000e+01     
  84.000          90.000           -1.873e+01          -1.873e+01              82.898          -9.955e+01             111.705           4.000e+01     
  85.000          90.000           -1.339e+01          -1.339e+01             193.480          -9.946e+01             131.745           4.000e+01     
  86.000          90.000           -7.705e+00          -7.705e+00             208.623          -1.002e+02             152.618           4.000e+01     
  87.000          90.000           -5.645e+00          -5.645e+00             212.789          -1.017e+02             178.908           4.000e+01     
  88.000          90.000           -5.529e+00          -5.529e+00             212.482          -1.027e+02             213.601           4.000e+01     
  89.000          90.000           -7.023e+00          -7.023e+00             207.337          -1.022e+02             249.431           4.000e+01     
  90.000          90.000           -1.022e+01          -1.022e+01             192.717          -1.010e+02             277.017           4.000e+01     
  91.000          90.000           -1.408e+01          -1.408e+01             152.770          -1.004e+02             297.897           4.000e+01     
  92.000          90.000           -1.256e+01          -1.256e+01              98.627          -1.007e+02             316.659           4.000e+01     
  93.000          90.000           -9.277e+00          -9.277e+00              72.507          -1.019e+02             337.656           4.000e+01     
  94.000          90.000           -7.557e+00          -7.557e+00              58.013          -1.038e+02               6.049           4.000e+01     
  95.000          90.000           -7.269e+00          -7.269e+00              45.416          -1.048e+02              44.042           4.000e+01     
  96.000          90.000           -8.176e+00          -8.176e+00              29.790          -1.040e+02              79.999           4.000e+01     
  97.000          90.000           -9.761e+00          -9.761e+00               5.337          -1.028e+02             105.415           4.000e+01     
  98.000          90.000           -1.023e+01          -1.023e+01             330.064          -1.023e+02             123.931           4.000e+01     
  99.000          90.000           -8.619e+00          -8.619e+00             299.479          -1.028e+02             139.724           4.000e+01     
 100.000          90.000           -6.944e+00          -6.944e+00             281.085          -1.043e+02             155.605           4.000e+01     
 101.000          90.000           -6.381e+00          -6.381e+00             268.862          -1.065e+02             174.265           4.000e+01     
 102.000          90.000           -7.233e+00          -7.233e+00             256.560          -1.093e+02             199.320           4.000e+01     
 103.000          90.000           -9.492e+00          -9.492e+00             235.620          -1.111e+02             232.441           4.000e+01     
 104.000          90.000           -1.094e+01          -1.094e+01             193.852          -1.108e+02             263.754           4.000e+01     
 105.000          90.000           -8.215e+00          -8.215e+00             155.655          -1.092e+02             283.521           4.000e+01     
 106.000          90.000           -5.306e+00          -5.306e+00             138.488          -1.074e+02             294.419           4.000e+01     
 107.000          90.000           -3.884e+00          -3.884e+00             129.532          -1.059e+02             301.372           4.000e+01     
 108.000          90.000           -3.943e+00          -3.943e+00             121.239          -1.049e+02             307.526           4.000e+01     
 109.000          90.000           -5.331e+00          -5.331e+00             107.503          -1.047e+02             314.623           4.000e+01     
 110.000          90.000           -7.063e+00          -7.063e+00              80.023          -1.057e+02             324.218           4.000e+01     
 111.000          90.000           -6.416e+00          -6.416e+00              43.951          -1.084e+02             340.084           4.000e+01     
 112.000          90.000           -4.255e+00          -4.255e+00              20.659          -1.132e+02              18.190           4.000e+01     
 113.000          90.000           -3.025e+00          -3.025e+00               7.102          -1.127e+02              89.088           4.000e+01     
 114.000          90.000           -3.238e+00          -3.238e+00             354.013          -1.085e+02             122.728           4.000e+01     
 115.000          90.000           -4.525e+00          -4.525e+00             332.332          -1.066e+02             138.821           4.000e+01     
 116.000          90.000           -4.730e+00          -4.730e+00             296.772          -1.069e+02             149.708           4.000e+01     
 117.000          90.000           -2.365e+00          -2.365e+00             266.404          -1.093e+02             156.496           4.000e+01     
 118.000          90.000           -1.230e-02          -1.230e-02             250.008          -1.151e+02             149.839           4.000e+01     
 119.000          90.000            1.171e+00           1.171e+00             239.433          -1.185e+02              71.531           4.000e+01     
 120.000          90.000            1.193e+00           1.193e+00             228.500          -1.112e+02              45.809           4.000e+01     
 121.000          90.000            4.290e-01           4.290e-01             212.677          -1.078e+02              47.721           4.000e+01     
 122.000          90.000           -2.340e-01          -2.340e-01             189.894          -1.065e+02              53.700           4.000e+01     
 123.000          90.000            3.967e-03           3.967e-03             165.449          -1.066e+02              61.591           4.000e+01     
 124.000          90.000            5.289e-01           5.289e-01             145.527          -1.075e+02              73.228           4.000e+01     
 125.000          90.000            4.240e-01           4.240e-01             127.837          -1.081e+02              91.567           4.000e+01     
 126.000          90.000           -3.412e-01          -3.412e-01             105.721          -1.070e+02             112.958           4.000e+01     
 127.000          90.000           -4.899e-01          -4.899e-01              75.434          -1.048e+02             129.285           4.000e+01     
 128.000          90.000            1.039e+00           1.039e+00              47.259          -1.030e+02             140.954           4.000e+01     
 129.000          90.000            2.846e+00           2.846e+00              29.143          -1.025e+02             152.117           4.000e+01     
 130.000          90.000            3.816e+00           3.816e+00              16.641          -1.037e+02             167.421           4.000e+01     
 131.000          90.000            3.816e+00           3.816e+00               4.033          -1.069e+02             197.282           4.000e+01     
 132.000          90.000            3.256e+00           3.256e+00             346.733          -1.086e+02             260.431           4.000e+01     
 133.000          90.000            3.116e+00           3.116e+00             323.871          -1.049e+02             310.501           4.000e+01     
 134.000          90.000            3.959e+00           3.959e+00             302.184          -1.024e+02             340.305           4.000e+01     
 135.000          90.000            4.995e+00           4.995e+00             286.779          -1.014e+02               8.079           4.000e+01     
 136.000          90.000            5.430e+00           5.430e+00             275.549          -1.011e+02              37.728           4.000e+01     
 137.000          90.000            5.062e+00           5.062e+00             264.405          -1.013e+02              66.763           4.000e+01     
 138.000          90.000            4.136e+00           4.136e+00             249.529          -1.027e+02              95.206           4.000e+01     
 139.000          90.000            3.378e+00           3.378e+00             229.370          -1.064e+02             137.023           4.000e+01     
 140.000          90.000            3.423e+00           3.423e+00             208.326          -1.062e+02             216.497           4.000e+01     
 141.000          90.000            3.820e+00           3.820e+00             191.784          -1.009e+02             257.432           4.000e+01     
 142.000          90.000            3.785e+00           3.785e+00             179.015          -9.834e+01             275.530           4.000e+01     
 143.000          90.000            3.038e+00           3.038e+00             166.078          -9.837e+01             287.618           4.000e+01     
 144.000          90.000            1.861e+00           1.861e+00             148.914          -1.013e+02             297.780           4.000e+01     
 145.000          90.000            1.088e+00           1.088e+00             126.815          -1.105e+02             308.365           4.000e+01     
 146.000          90.000            1.165e+00           1.165e+00             105.772          -1.108e+02             134.618           4.000e+01     
 147.000          90.000            1.328e+00           1.328e+00              90.147          -1.029e+02             146.706           4.000e+01     
 148.000          90.000            7.882e-01           7.882e-01              77.481          -1.010e+02             159.827           4.000e+01     
 149.000          90.000           -6.450e-01          -6.450e-01              62.525          -1.016e+02             175.327           4.000e+01     
 150.000          90.000           -2.364e+00          -2.364e+00              39.683          -1.043e+02             192.973           4.000e+01     
 151.000          90.000           -2.877e+00          -2.877e+00              10.994          -1.103e+02             210.506           4.000e+01     
 152.000          90.000           -2.274e+00          -2.274e+00             348.465          -1.233e+02              59.710           4.000e+01     
 153.000          90.000           -2.150e+00          -2.150e+00             333.405          -1.067e+02              65.163           4.000e+01     
 154.000          90.000           -3.218e+00          -3.218e+00             319.029          -1.020e+02              75.244           4.000e+01     
 155.000          90.000           -5.222e+00          -5.222e+00             296.641          -1.005e+02              82.712           4.000e+01     
 156.000          90.000           -6.155e+00          -6.155e+00             261.910          -1.012e+02              86.801           4.000e+01     
 157.000          90.000           -4.873e+00          -4.873e+00             232.335          -1.047e+02              83.819           4.000e+01     
 158.000          90.000           -3.807e+00          -3.807e+00             214.839          -1.115e+02              48.172           4.000e+01     
 159.000          90.000           -4.112e+00          -4.112e+00             200.440          -1.087e+02             339.121           4.000e+01     
 160.000          90.000           -5.630e+00          -5.630e+00             179.340          -1.051e+02             327.032           4.000e+01     
 161.000          90.000           -6.464e+00          -6.464e+00             144.519          -1.050e+02             328.241           4.000e+01     
 162.000          90.000           -4.742e+00          -4.742e+00             112.366          -1.084e+02             334.859           4.000e+01     
 163.000          90.000           -2.845e+00          -2.845e+00              94.377          -1.192e+02               0.214           4.000e+01     
 164.000          90.000           -2.173e+00          -2.173e+00              82.693          -1.150e+02             143.966           4.000e+01     
 165.000          90.000           -2.788e+00          -2.788e+00              70.208          -1.093e+02             160.988           4.000e+01     
 166.000          90.000           -4.185e+00          -4.185e+00              50.985          -1.088e+02             174.149           4.000e+01     
 167.000          90.000           -4.910e+00          -4.910e+00              23.771          -1.118e+02             193.654           4.000e+01     
 168.000          90.000           -4.215e+00          -4.215e+00               0.514          -1.181e+02             254.987           4.000e+01     
 169.000          90.000           -3.623e+00          -3.623e+00             348.555          -1.124e+02             333.724           4.000e+01     
 170.000          90.000           -4.267e+00          -4.267e+00             345.435          -1.078e+02             356.562           4.000e+01     
 171.000          90.000           -6.596e+00          -6.596e+00             350.600          -1.060e+02               9.283           4.000e+01     
 172.000          90.000           -1.050e+01          -1.050e+01              11.581          -1.065e+02              18.696           4.000e+01     
 173.000          90.000           -1.209e+01          -1.209e+01              54.432          -1.094e+02              25.931           4.000e+01     
 174.000          90.000           -1.001e+01          -1.001e+01              75.129          -1.182e+02              29.175           4.000e+01     
 175.000          90.000           -8.591e+00          -8.591e+00              67.435          -1.186e+02             224.420           4.000e+01     
 176.000          90.000           -6.771e+00          -6.771e+00              43.687          -1.101e+02             225.277           4.000e+01     
 177.000          90.000           -3.689e+00          -3.689e+00              22.030          -1.078e+02             227.808           4.000e+01     
 178.000          90.000           -8.510e-01          -8.510e-01              10.184          -1.085e+02             229.776           4.000e+01     
 179.000          90.000            9.177e-01           9.177e-01               4.839          -1.130e+02             230.978           4.000e+01     
 180.000          90.000            1.505e+00           1.505e+00               3.316          -2.000e+02             165.063           4.000e+01     
