Theta [deg.]  Phi   [deg.]  Abs(Dir.)[dBi   ]   Abs(Theta)[dBi   ]  Phase(Theta)[deg.]  Abs(Phi  )[dBi   ]  Phase(Phi  )[deg.]  Ax.Ratio[dB    ]    
------------------------------------------------------------------------------------------------------------------------------------------------------
   0.000          90.000            2.634e+01           2.634e+01             296.288          -1.949e+02             259.439           4.000e+01     
   1.000          90.000            2.599e+01           2.599e+01             297.294          -1.019e+02             204.591           4.000e+01     
   2.000          90.000            2.495e+01           2.495e+01             300.477          -9.735e+01             203.422           4.000e+01     
   3.000          90.000            2.316e+01           2.316e+01             306.420          -9.662e+01             200.782           4.000e+01     
   4.000          90.000            2.057e+01           2.057e+01             316.484          -9.892e+01             194.205           4.000e+01     
   5.000          90.000            1.722e+01           1.722e+01             333.604          -1.060e+02             165.734           4.000e+01     
   6.000          90.000            1.377e+01           1.377e+01               2.360          -1.045e+02              63.975           4.000e+01     
   7.000          90.000            1.197e+01           1.197e+01              39.773          -9.843e+01              41.373           4.000e+01     
   8.000          90.000            1.179e+01           1.179e+01              70.544          -9.689e+01              32.097           4.000e+01     
   9.000          90.000            1.144e+01           1.144e+01              91.675          -9.873e+01              20.290           4.000e+01     
  10.000          90.000            1.026e+01           1.026e+01             107.274          -1.046e+02             339.923           4.000e+01     
  11.000          90.000            8.191e+00           8.191e+00             118.956          -1.011e+02             255.526           4.000e+01     
  12.000          90.000            5.432e+00           5.432e+00             124.854          -9.577e+01             233.813           4.000e+01     
  13.000          90.000            2.788e+00           2.788e+00             120.097          -9.411e+01             224.498           4.000e+01     
  14.000          90.000            2.197e+00           2.197e+00             107.299          -9.542e+01             215.510           4.000e+01     
  15.000          90.000            3.553e+00           3.553e+00             102.676          -1.009e+02             194.877           4.000e+01     
  16.000          90.000            4.865e+00           4.865e+00             108.994          -1.042e+02              94.536           4.000e+01     
  17.000          90.000            5.387e+00           5.387e+00             121.938          -9.660e+01              56.777           4.000e+01     
  18.000          90.000            5.070e+00           5.070e+00             139.632          -9.407e+01              44.677           4.000e+01     
  19.000          90.000            4.071e+00           4.071e+00             161.883          -9.463e+01              33.587           4.000e+01     
  20.000          90.000            2.690e+00           2.690e+00             188.734          -9.811e+01              14.708           4.000e+01     
  21.000          90.000            1.245e+00           1.245e+00             218.781          -1.035e+02             323.021           4.000e+01     
  22.000          90.000           -3.119e-01          -3.119e-01             249.309          -1.019e+02             256.806           4.000e+01     
  23.000          90.000           -2.562e+00          -2.562e+00             279.633          -1.007e+02             221.472           4.000e+01     
  24.000          90.000           -6.425e+00          -6.425e+00             315.603          -1.014e+02             176.820           4.000e+01     
  25.000          90.000           -1.086e+01          -1.086e+01              23.723          -9.889e+01             127.006           4.000e+01     
  26.000          90.000           -7.002e+00          -7.002e+00              95.194          -9.589e+01             103.071           4.000e+01     
  27.000          90.000           -3.083e+00          -3.083e+00             126.533          -9.546e+01              93.416           4.000e+01     
  28.000          90.000           -1.387e+00          -1.387e+00             145.896          -9.866e+01              91.648           4.000e+01     
  29.000          90.000           -1.579e+00          -1.579e+00             160.867          -1.124e+02             129.162           4.000e+01     
  30.000          90.000           -4.045e+00          -4.045e+00             173.637          -1.005e+02             250.924           4.000e+01     
  31.000          90.000           -1.168e+01          -1.168e+01             185.568          -9.539e+01             258.805           4.000e+01     
  32.000          90.000           -1.394e+01          -1.394e+01              13.815          -9.450e+01             266.054           4.000e+01     
  33.000          90.000           -3.623e+00          -3.623e+00              25.034          -9.638e+01             277.948           4.000e+01     
  34.000          90.000            5.059e-02           5.059e-02              35.613          -1.013e+02             302.555           4.000e+01     
  35.000          90.000            1.211e+00           1.211e+00              46.678          -1.076e+02              18.155           4.000e+01     
  36.000          90.000            3.662e-01           3.662e-01              59.063          -1.022e+02              96.319           4.000e+01     
  37.000          90.000           -3.030e+00          -3.030e+00              75.168          -9.749e+01             129.345           4.000e+01     
  38.000          90.000           -1.193e+01          -1.193e+01             115.216          -9.495e+01             149.984           4.000e+01     
  39.000          90.000           -8.677e+00          -8.677e+00             239.053          -9.442e+01             164.536           4.000e+01     
  40.000          90.000           -2.591e+00          -2.591e+00             267.688          -9.639e+01             176.617           4.000e+01     
  41.000          90.000           -7.937e-01          -7.937e-01             287.309          -1.029e+02             192.337           4.000e+01     
  42.000          90.000           -1.453e+00          -1.453e+00             308.850          -1.114e+02             335.488           4.000e+01     
  43.000          90.000           -4.127e+00          -4.127e+00             339.217          -1.008e+02              11.210           4.000e+01     
  44.000          90.000           -7.211e+00          -7.211e+00              30.298          -9.882e+01              29.397           4.000e+01     
  45.000          90.000           -6.857e+00          -6.857e+00              87.320          -9.974e+01              54.625           4.000e+01     
  46.000          90.000           -6.158e+00          -6.158e+00             125.509          -1.013e+02              90.417           4.000e+01     
  47.000          90.000           -7.890e+00          -7.890e+00             158.081          -1.024e+02             125.696           4.000e+01     
  48.000          90.000           -1.278e+01          -1.278e+01             205.920          -1.051e+02             155.902           4.000e+01     
  49.000          90.000           -1.403e+01          -1.403e+01             299.077          -1.110e+02             205.763           4.000e+01     
  50.000          90.000           -9.487e+00          -9.487e+00             356.860          -1.105e+02             285.154           4.000e+01     
  51.000          90.000           -7.026e+00          -7.026e+00              36.891          -1.094e+02             311.662           4.000e+01     
  52.000          90.000           -5.502e+00          -5.502e+00              73.405          -1.164e+02             306.831           4.000e+01     
  53.000          90.000           -4.582e+00          -4.582e+00             104.033          -1.134e+02             192.404           4.000e+01     
  54.000          90.000           -4.983e+00          -4.983e+00             127.153          -1.069e+02             195.349           4.000e+01     
  55.000          90.000           -7.822e+00          -7.822e+00             142.858          -1.056e+02             217.713           4.000e+01     
  56.000          90.000           -1.607e+01          -1.607e+01             140.951          -1.054e+02             256.853           4.000e+01     
  57.000          90.000           -1.707e+01          -1.707e+01              33.203          -1.036e+02             295.179           4.000e+01     
  58.000          90.000           -1.165e+01          -1.165e+01              29.362          -1.023e+02             320.292           4.000e+01     
  59.000          90.000           -1.462e+01          -1.462e+01              43.534          -1.030e+02             340.278           4.000e+01     
  60.000          90.000           -1.968e+01          -1.968e+01             194.818          -1.056e+02               4.260           4.000e+01     
  61.000          90.000           -6.750e+00          -6.750e+00             225.501          -1.087e+02              40.497           4.000e+01     
  62.000          90.000           -2.476e+00          -2.476e+00             239.121          -1.096e+02              77.616           4.000e+01     
  63.000          90.000           -1.578e+00          -1.578e+00             252.655          -1.100e+02              97.394           4.000e+01     
  64.000          90.000           -3.662e+00          -3.662e+00             270.585          -1.112e+02             104.995           4.000e+01     
  65.000          90.000           -9.544e+00          -9.544e+00             312.983          -1.125e+02             109.404           4.000e+01     
  66.000          90.000           -7.954e+00          -7.954e+00              43.998          -1.134e+02             117.662           4.000e+01     
  67.000          90.000           -3.044e+00          -3.044e+00              76.233          -1.146e+02             130.624           4.000e+01     
  68.000          90.000           -1.899e+00          -1.899e+00              92.987          -1.173e+02             147.645           4.000e+01     
  69.000          90.000           -3.987e+00          -3.987e+00             108.041          -1.223e+02             181.353           4.000e+01     
  70.000          90.000           -1.137e+01          -1.137e+01             133.551          -1.225e+02             237.315           4.000e+01     
  71.000          90.000           -1.334e+01          -1.334e+01             268.126          -1.186e+02             240.536           4.000e+01     
  72.000          90.000           -5.746e+00          -5.746e+00             297.869          -1.139e+02             222.572           4.000e+01     
  73.000          90.000           -4.244e+00          -4.244e+00             312.026          -1.098e+02             215.459           4.000e+01     
  74.000          90.000           -6.529e+00          -6.529e+00             325.522          -1.078e+02             219.997           4.000e+01     
  75.000          90.000           -1.579e+01          -1.579e+01             351.956          -1.083e+02             236.748           4.000e+01     
  76.000          90.000           -1.273e+01          -1.273e+01             141.467          -1.102e+02             278.570           4.000e+01     
  77.000          90.000           -5.843e+00          -5.843e+00             160.804          -1.080e+02             335.934           4.000e+01     
  78.000          90.000           -4.311e+00          -4.311e+00             172.902          -1.045e+02               8.936           4.000e+01     
  79.000          90.000           -6.204e+00          -6.204e+00             185.252          -1.032e+02              32.655           4.000e+01     
  80.000          90.000           -1.385e+01          -1.385e+01             209.293          -1.038e+02              59.731           4.000e+01     
  81.000          90.000           -1.368e+01          -1.368e+01             347.221          -1.053e+02             100.013           4.000e+01     
  82.000          90.000           -5.898e+00          -5.898e+00               9.739          -1.050e+02             150.323           4.000e+01     
  83.000          90.000           -3.833e+00          -3.833e+00              19.344          -1.032e+02             189.998           4.000e+01     
  84.000          90.000           -5.152e+00          -5.152e+00              26.813          -1.024e+02             220.827           4.000e+01     
  85.000          90.000           -1.161e+01          -1.161e+01              35.531          -1.028e+02             251.426           4.000e+01     
  86.000          90.000           -1.777e+01          -1.777e+01             201.866          -1.040e+02             288.396           4.000e+01     
  87.000          90.000           -6.564e+00          -6.564e+00             214.396          -1.047e+02             334.260           4.000e+01     
  88.000          90.000           -3.876e+00          -3.876e+00             217.955          -1.038e+02              18.771           4.000e+01     
  89.000          90.000           -4.792e+00          -4.792e+00             218.866          -1.027e+02              53.511           4.000e+01     
  90.000          90.000           -1.025e+01          -1.025e+01             213.022          -1.027e+02              82.444           4.000e+01     
  91.000          90.000           -1.880e+01          -1.880e+01              94.971          -1.041e+02             113.191           4.000e+01     
  92.000          90.000           -7.453e+00          -7.453e+00              59.945          -1.064e+02             157.081           4.000e+01     
  93.000          90.000           -4.516e+00          -4.516e+00              53.910          -1.059e+02             210.651           4.000e+01     
  94.000          90.000           -5.110e+00          -5.110e+00              46.514          -1.039e+02             246.443           4.000e+01     
  95.000          90.000           -8.907e+00          -8.907e+00              27.161          -1.036e+02             269.480           4.000e+01     
  96.000          90.000           -1.259e+01          -1.259e+01             323.815          -1.056e+02             291.222           4.000e+01     
  97.000          90.000           -8.360e+00          -8.360e+00             273.427          -1.101e+02             328.959           4.000e+01     
  98.000          90.000           -6.078e+00          -6.078e+00             251.820          -1.108e+02              38.954           4.000e+01     
  99.000          90.000           -6.022e+00          -6.022e+00             230.661          -1.075e+02              73.212           4.000e+01     
 100.000          90.000           -6.737e+00          -6.737e+00             202.239          -1.069e+02              86.209           4.000e+01     
 101.000          90.000           -7.051e+00          -7.051e+00             170.403          -1.090e+02              92.602           4.000e+01     
 102.000          90.000           -7.607e+00          -7.607e+00             139.461          -1.141e+02              99.227           4.000e+01     
 103.000          90.000           -8.557e+00          -8.557e+00              99.929          -1.220e+02             140.798           4.000e+01     
 104.000          90.000           -6.999e+00          -6.999e+00              54.489          -1.168e+02             201.788           4.000e+01     
 105.000          90.000           -4.219e+00          -4.219e+00              27.393          -1.114e+02             209.801           4.000e+01     
 106.000          90.000           -3.170e+00          -3.170e+00              12.430          -1.086e+02             216.602           4.000e+01     
 107.000          90.000           -4.665e+00          -4.665e+00             357.333          -1.076e+02             230.248           4.000e+01     
 108.000          90.000           -8.684e+00          -8.684e+00             320.109          -1.080e+02             252.703           4.000e+01     
 109.000          90.000           -6.832e+00          -6.832e+00             254.700          -1.090e+02             284.127           4.000e+01     
 110.000          90.000           -2.645e+00          -2.645e+00             229.614          -1.104e+02             325.991           4.000e+01     
 111.000          90.000           -1.420e+00          -1.420e+00             217.414          -1.102e+02              21.202           4.000e+01     
 112.000          90.000           -2.850e+00          -2.850e+00             200.908          -1.071e+02              66.058           4.000e+01     
 113.000          90.000           -5.334e+00          -5.334e+00             162.034          -1.044e+02              91.191           4.000e+01     
 114.000          90.000           -3.479e+00          -3.479e+00             114.371          -1.036e+02             106.547           4.000e+01     
 115.000          90.000           -1.043e+00          -1.043e+00              90.989          -1.046e+02             117.545           4.000e+01     
 116.000          90.000           -9.356e-01          -9.356e-01              73.736          -1.070e+02             126.639           4.000e+01     
 117.000          90.000           -2.596e+00          -2.596e+00              45.369          -1.099e+02             135.003           4.000e+01     
 118.000          90.000           -2.405e+00          -2.405e+00               0.644          -1.111e+02             142.532           4.000e+01     
 119.000          90.000            8.517e-02           8.517e-02             329.962          -1.101e+02             149.727           4.000e+01     
 120.000          90.000            1.182e+00           1.182e+00             311.730          -1.091e+02             159.896           4.000e+01     
 121.000          90.000            3.932e-01           3.932e-01             291.013          -1.091e+02             178.591           4.000e+01     
 122.000          90.000           -6.901e-01          -6.901e-01             256.550          -1.089e+02             210.909           4.000e+01     
 123.000          90.000            5.305e-01           5.305e-01             219.826          -1.064e+02             239.189           4.000e+01     
 124.000          90.000            1.981e+00           1.981e+00             196.708          -1.036e+02             248.727           4.000e+01     
 125.000          90.000            1.792e+00           1.792e+00             177.419          -1.017e+02             246.371           4.000e+01     
 126.000          90.000            4.206e-01           4.206e-01             148.449          -1.005e+02             239.448           4.000e+01     
 127.000          90.000            7.426e-01           7.426e-01             108.310          -1.001e+02             233.188           4.000e+01     
 128.000          90.000            2.777e+00           2.777e+00              79.826          -1.010e+02             230.233           4.000e+01     
 129.000          90.000            3.741e+00           3.741e+00              61.821          -1.038e+02             232.061           4.000e+01     
 130.000          90.000            3.184e+00           3.184e+00              42.627          -1.104e+02             246.639           4.000e+01     
 131.000          90.000            2.240e+00           2.240e+00              13.911          -1.148e+02             349.016           4.000e+01     
 132.000          90.000            2.769e+00           2.769e+00             341.841          -1.062e+02              22.349           4.000e+01     
 133.000          90.000            3.784e+00           3.784e+00             319.026          -1.018e+02              27.883           4.000e+01     
 134.000          90.000            3.666e+00           3.666e+00             300.970          -9.884e+01              30.216           4.000e+01     
 135.000          90.000            2.409e+00           2.409e+00             277.628          -9.665e+01              33.193           4.000e+01     
 136.000          90.000            1.735e+00           1.735e+00             244.097          -9.547e+01              37.868           4.000e+01     
 137.000          90.000            2.703e+00           2.703e+00             214.017          -9.581e+01              44.385           4.000e+01     
 138.000          90.000            3.320e+00           3.320e+00             193.120          -9.883e+01              53.398           4.000e+01     
 139.000          90.000            2.686e+00           2.686e+00             171.372          -1.109e+02              78.935           4.000e+01     
 140.000          90.000            2.090e+00           2.090e+00             139.456          -1.017e+02             237.911           4.000e+01     
 141.000          90.000            3.513e+00           3.513e+00             107.560          -9.487e+01             252.775           4.000e+01     
 142.000          90.000            5.266e+00           5.266e+00              88.557          -9.243e+01             265.930           4.000e+01     
 143.000          90.000            5.735e+00           5.735e+00              75.927          -9.236e+01             280.563           4.000e+01     
 144.000          90.000            4.791e+00           4.791e+00              60.590          -9.451e+01             298.685           4.000e+01     
 145.000          90.000            3.516e+00           3.516e+00              34.283          -9.994e+01             328.365           4.000e+01     
 146.000          90.000            4.148e+00           4.148e+00               3.065          -1.052e+02              67.224           4.000e+01     
 147.000          90.000            5.748e+00           5.748e+00             343.438          -9.780e+01             127.855           4.000e+01     
 148.000          90.000            6.348e+00           6.348e+00             332.340          -9.445e+01             152.769           4.000e+01     
 149.000          90.000            5.498e+00           5.498e+00             321.557          -9.372e+01             172.655           4.000e+01     
 150.000          90.000            3.569e+00           3.569e+00             302.673          -9.522e+01             192.188           4.000e+01     
 151.000          90.000            2.538e+00           2.538e+00             271.291          -9.976e+01             216.856           4.000e+01     
 152.000          90.000            3.677e+00           3.677e+00             244.328          -1.088e+02             295.919           4.000e+01     
 153.000          90.000            4.650e+00           4.650e+00             229.668          -1.010e+02              22.591           4.000e+01     
 154.000          90.000            4.253e+00           4.253e+00             219.021          -9.701e+01              46.908           4.000e+01     
 155.000          90.000            2.508e+00           2.508e+00             203.462          -9.642e+01              64.605           4.000e+01     
 156.000          90.000            8.023e-01           8.023e-01             174.696          -9.857e+01              81.966           4.000e+01     
 157.000          90.000            1.478e+00           1.478e+00             143.163          -1.050e+02             106.878           4.000e+01     
 158.000          90.000            2.836e+00           2.836e+00             125.039          -1.108e+02             237.467           4.000e+01     
 159.000          90.000            2.977e+00           2.977e+00             114.183          -1.014e+02             280.087           4.000e+01     
 160.000          90.000            1.603e+00           1.603e+00             101.450          -9.854e+01             297.223           4.000e+01     
 161.000          90.000           -5.457e-01          -5.457e-01              76.748          -9.864e+01             311.348           4.000e+01     
 162.000          90.000           -6.072e-01          -6.072e-01              40.952          -1.015e+02             324.962           4.000e+01     
 163.000          90.000            1.259e+00           1.259e+00              17.723          -1.097e+02             342.052           4.000e+01     
 164.000          90.000            2.283e+00           2.283e+00               6.773          -1.128e+02             153.057           4.000e+01     
 165.000          90.000            1.787e+00           1.787e+00             359.198          -1.037e+02             171.918           4.000e+01     
 166.000          90.000           -2.312e-01          -2.312e-01             348.061          -1.015e+02             183.696           4.000e+01     
 167.000          90.000           -3.026e+00          -3.026e+00             324.461          -1.024e+02             194.464           4.000e+01     
 168.000          90.000           -3.761e+00          -3.761e+00             290.175          -1.071e+02             205.998           4.000e+01     
 169.000          90.000           -2.694e+00          -2.694e+00             270.055          -1.281e+02             309.544           4.000e+01     
 170.000          90.000           -2.730e+00          -2.730e+00             265.586          -1.071e+02              32.357           4.000e+01     
 171.000          90.000           -4.706e+00          -4.706e+00             272.815          -1.027e+02              41.687           4.000e+01     
 172.000          90.000           -8.198e+00          -8.198e+00             299.360          -1.020e+02              48.926           4.000e+01     
 173.000          90.000           -8.585e+00          -8.585e+00             344.922          -1.042e+02              55.613           4.000e+01     
 174.000          90.000           -6.289e+00          -6.289e+00               4.772          -1.121e+02              65.002           4.000e+01     
 175.000          90.000           -5.315e+00          -5.315e+00             359.696          -1.145e+02             232.168           4.000e+01     
 176.000          90.000           -4.504e+00          -4.504e+00             336.258          -1.051e+02             242.010           4.000e+01     
 177.000          90.000           -1.932e+00          -1.932e+00             309.967          -1.027e+02             245.656           4.000e+01     
 178.000          90.000            9.928e-01           9.928e-01             295.044          -1.034e+02             247.870           4.000e+01     
 179.000          90.000            2.891e+00           2.891e+00             288.572          -1.079e+02             249.123           4.000e+01     
 180.000          90.000            3.524e+00           3.524e+00             286.780          -2.000e+02             157.568           4.000e+01     
